[[0, 0], [4, 18], 19.65684, [[0, 0], [0, 1], [0, 2], [0, 3], [0, 4], [0, 5], [0, 6], [1, 7], [2, 8], [3, 9], [3, 10], [3, 11], [3, 12], [3, 13], [3, 14], [4, 15], [4, 16], [4, 17], [4, 18]]]
[[0, 0], [14, 12], 18.970520000000004, [[0, 0], [1, 1], [2, 2], [3, 3], [4, 3], [5, 4], [6, 4], [7, 5], [8, 6], [9, 7], [10, 8], [11, 9], [12, 10], [13, 11], [14, 12]]]
[[0, 0], [4, 14], 15.656839999999999, [[0, 0], [0, 1], [0, 2], [0, 3], [1, 4], [2, 5], [3, 6], [4, 7], [4, 8], [4, 9], [4, 10], [4, 11], [4, 12], [4, 13], [4, 14]]]
[[0, 0], [17, 4], 19.48526, [[0, 0], [1, 0], [2, 0], [3, 0], [4, 1], [5, 1], [6, 1], [7, 1], [8, 2], [9, 1], [10, 2], [11, 2], [12, 2], [13, 2], [14, 2], [15, 3], [16, 4], [17, 4]]]
[[0, 0], [13, 4], 15.242630000000002, [[0, 0], [1, 0], [2, 0], [3, 0], [4, 0], [5, 0], [6, 1], [7, 1], [8, 1], [9, 1], [10, 2], [11, 2], [12, 2], [13, 3], [13, 4]]]
[[4, 18], [0, 0], 19.65684, [[4, 18], [4, 17], [3, 16], [3, 15], [3, 14], [2, 13], [1, 12], [1, 11], [1, 10], [0, 9], [0, 8], [0, 7], [0, 6], [0, 5], [0, 4], [0, 3], [0, 2], [0, 1], [0, 0]]]
[[4, 18], [14, 12], 12.48526, [[4, 18], [5, 17], [6, 16], [7, 15], [8, 14], [9, 13], [10, 13], [11, 12], [12, 12], [13, 12], [14, 12]]]
[[4, 18], [4, 14], 4, [[4, 18], [4, 17], [4, 16], [4, 15], [4, 14]]]
[[4, 18], [17, 4], 19.384730000000005, [[4, 18], [5, 17], [6, 16], [7, 15], [8, 14], [8, 13], [9, 12], [10, 11], [11, 10], [12, 9], [13, 8], [14, 7], [15, 6], [16, 5], [17, 4]]]
[[4, 18], [13, 4], 17.727890000000002, [[4, 18], [5, 17], [6, 16], [7, 15], [7, 14], [8, 13], [9, 12], [9, 11], [9, 10], [10, 9], [11, 8], [11, 7], [12, 6], [13, 5], [13, 4]]]
[[14, 12], [0, 0], 18.970520000000004, [[14, 12], [13, 11], [12, 10], [11, 9], [10, 8], [9, 7], [8, 7], [7, 6], [6, 5], [5, 4], [4, 4], [3, 3], [2, 2], [1, 1], [0, 0]]]
[[14, 12], [4, 18], 12.48526, [[14, 12], [13, 12], [12, 12], [11, 12], [10, 13], [9, 14], [8, 15], [7, 16], [6, 17], [5, 18], [4, 18]]]
[[14, 12], [4, 14], 10.82842, [[14, 12], [13, 12], [12, 12], [11, 12], [10, 13], [9, 14], [8, 14], [7, 14], [6, 14], [5, 14], [4, 14]]]
[[14, 12], [17, 4], 9.242629999999998, [[14, 12], [14, 11], [15, 10], [15, 9], [15, 8], [16, 7], [17, 6], [17, 5], [17, 4]]]
[[14, 12], [13, 4], 8.41421, [[14, 12], [14, 11], [14, 10], [14, 9], [14, 8], [14, 7], [13, 6], [13, 5], [13, 4]]]
[[4, 14], [0, 0], 15.656839999999999, [[4, 14], [3, 13], [2, 12], [1, 11], [0, 10], [0, 9], [0, 8], [0, 7], [0, 6], [0, 5], [0, 4], [0, 3], [0, 2], [0, 1], [0, 0]]]
[[4, 14], [4, 18], 4, [[4, 14], [4, 15], [4, 16], [4, 17], [4, 18]]]
[[4, 14], [14, 12], 10.82842, [[4, 14], [5, 14], [6, 14], [7, 14], [8, 13], [9, 12], [10, 12], [11, 12], [12, 12], [13, 12], [14, 12]]]
[[4, 14], [17, 4], 17.142100000000003, [[4, 14], [5, 14], [6, 14], [7, 13], [8, 12], [9, 12], [10, 11], [11, 10], [12, 9], [13, 8], [14, 7], [15, 6], [16, 5], [17, 4]]]
[[4, 14], [13, 4], 14.89947, [[4, 14], [4, 13], [5, 12], [6, 11], [6, 10], [7, 9], [7, 8], [8, 7], [9, 6], [10, 6], [11, 5], [12, 5], [13, 4]]]
[[17, 4], [0, 0], 18.65684, [[17, 4], [16, 4], [15, 3], [14, 3], [13, 2], [12, 2], [11, 1], [10, 1], [9, 1], [8, 1], [7, 1], [6, 1], [5, 1], [4, 1], [3, 0], [2, 0], [1, 0], [0, 0]]]
[[17, 4], [4, 18], 19.384730000000005, [[17, 4], [16, 5], [16, 6], [15, 7], [14, 8], [13, 9], [12, 10], [11, 11], [10, 12], [9, 13], [8, 14], [7, 15], [6, 16], [5, 17], [4, 18]]]
[[17, 4], [14, 12], 9.242629999999998, [[17, 4], [17, 5], [16, 6], [16, 7], [15, 8], [14, 9], [14, 10], [14, 11], [14, 12]]]
[[17, 4], [4, 14], 17.142100000000003, [[17, 4], [16, 5], [15, 6], [14, 7], [13, 8], [12, 8], [11, 9], [10, 10], [9, 11], [8, 12], [7, 13], [6, 14], [5, 14], [4, 14]]]
[[17, 4], [13, 4], 4, [[17, 4], [16, 4], [15, 4], [14, 4], [13, 4]]]
[[13, 4], [0, 0], 15.24263, [[13, 4], [13, 3], [12, 2], [11, 2], [10, 2], [9, 1], [8, 1], [7, 1], [6, 1], [5, 0], [4, 0], [3, 0], [2, 0], [1, 0], [0, 0]]]
[[13, 4], [4, 18], 17.727890000000002, [[13, 4], [12, 5], [11, 6], [11, 7], [11, 8], [10, 9], [10, 10], [10, 11], [9, 12], [8, 13], [7, 14], [6, 15], [5, 16], [4, 17], [4, 18]]]
[[13, 4], [14, 12], 8.41421, [[13, 4], [13, 5], [13, 6], [13, 7], [14, 8], [14, 9], [14, 10], [14, 11], [14, 12]]]
[[13, 4], [4, 14], 14.89947, [[13, 4], [12, 5], [11, 6], [10, 7], [9, 7], [8, 7], [7, 8], [6, 9], [5, 10], [5, 11], [5, 12], [4, 13], [4, 14]]]
[[13, 4], [17, 4], 4, [[13, 4], [14, 4], [15, 4], [16, 4], [17, 4]]]
