[[0, 0], [16, 10], 26.142100000000003, [[0, 0], [1, 1], [2, 1], [3, 1], [4, 1], [5, 1], [6, 1], [7, 1], [8, 2], [9, 3], [10, 4], [11, 5], [12, 5], [13, 5], [14, 4], [15, 5], [16, 5], [17, 5], [18, 6], [18, 7], [18, 8], [17, 9], [16, 10]]]
[[0, 0], [4, 9], 11.24263, [[0, 0], [0, 1], [0, 2], [0, 3], [1, 4], [1, 5], [1, 6], [2, 7], [2, 8], [3, 9], [4, 9]]]
[[0, 0], [10, 11], 16.31368, [[0, 0], [0, 1], [0, 2], [1, 3], [2, 4], [3, 4], [4, 5], [5, 6], [6, 7], [7, 8], [8, 9], [9, 9], [10, 10], [10, 11]]]
[[16, 10], [0, 0], 25.31368, [[16, 10], [17, 9], [18, 8], [18, 7], [18, 6], [17, 5], [16, 5], [15, 4], [14, 4], [13, 4], [12, 4], [11, 4], [10, 3], [9, 2], [8, 2], [7, 1], [6, 1], [5, 0], [4, 0], [3, 0], [2, 0], [1, 0], [0, 0]]]
[[16, 10], [4, 9], 23.727890000000002, [[16, 10], [17, 9], [18, 8], [18, 7], [18, 6], [17, 5], [16, 5], [15, 5], [14, 4], [13, 5], [12, 5], [11, 6], [10, 6], [9, 6], [8, 6], [7, 5], [6, 5], [5, 6], [5, 7], [5, 8], [4, 9]]]
[[16, 10], [10, 11], 31.38473000000001, [[16, 10], [17, 9], [18, 9], [18, 8], [19, 8], [18, 7], [18, 6], [17, 5], [16, 5], [15, 5], [14, 4], [13, 5], [12, 5], [11, 6], [11, 7], [10, 6], [9, 6], [8, 6], [7, 5], [6, 5], [5, 6], [6, 7], [7, 8], [8, 9], [9, 9], [10, 10], [10, 11]]]
[[4, 9], [0, 0], 11.242629999999998, [[4, 9], [3, 9], [2, 8], [2, 7], [1, 6], [1, 5], [0, 4], [0, 3], [0, 2], [0, 1], [0, 0]]]
[[4, 9], [16, 10], 23.727890000000002, [[4, 9], [5, 8], [5, 7], [5, 6], [6, 5], [7, 5], [8, 6], [9, 6], [10, 6], [11, 6], [12, 5], [13, 5], [14, 4], [15, 5], [16, 5], [17, 5], [18, 6], [18, 7], [18, 8], [17, 9], [16, 10]]]
[[4, 9], [10, 11], 8.242629999999998, [[4, 9], [5, 10], [6, 10], [7, 10], [8, 9], [9, 9], [10, 10], [10, 11]]]
[[10, 11], [0, 0], 16.31368, [[10, 11], [10, 10], [9, 9], [8, 9], [7, 8], [6, 7], [5, 6], [4, 5], [3, 4], [2, 3], [1, 3], [0, 2], [0, 1], [0, 0]]]
[[10, 11], [16, 10], 32.55631, [[10, 11], [10, 10], [10, 9], [9, 8], [9, 9], [8, 8], [7, 8], [6, 7], [5, 7], [5, 6], [6, 5], [7, 5], [8, 6], [9, 6], [10, 6], [11, 7], [11, 6], [12, 5], [13, 5], [14, 4], [15, 5], [16, 5], [17, 5], [18, 5], [18, 6], [18, 7], [18, 8], [17, 9], [16, 10]]]
[[10, 11], [4, 9], 8.242629999999998, [[10, 11], [10, 10], [9, 9], [8, 8], [7, 8], [6, 9], [5, 9], [4, 9]]]
