[[0, 0], [14, 11], 18.556310000000003, [[0, 0], [1, 1], [2, 1], [3, 2], [4, 3], [5, 4], [6, 4], [7, 5], [8, 6], [9, 7], [10, 8], [11, 9], [12, 10], [13, 11], [14, 11]]]
[[0, 0], [6, 14], 16.48526, [[0, 0], [0, 1], [0, 2], [0, 3], [0, 4], [1, 5], [1, 6], [2, 7], [3, 8], [3, 9], [3, 10], [3, 11], [4, 12], [5, 13], [6, 14]]]
[[0, 0], [1, 18], 20.07105, [[0, 0], [0, 1], [0, 2], [1, 3], [1, 4], [1, 5], [1, 6], [2, 7], [2, 8], [1, 9], [1, 10], [1, 11], [1, 12], [0, 13], [1, 14], [1, 15], [1, 16], [1, 17], [1, 18]]]
[[0, 0], [7, 12], 15.48526, [[0, 0], [1, 1], [2, 1], [3, 2], [3, 3], [4, 4], [4, 5], [5, 6], [6, 7], [6, 8], [6, 9], [7, 10], [7, 11], [7, 12]]]
[[14, 11], [0, 0], 18.556310000000003, [[14, 11], [13, 10], [12, 10], [11, 9], [10, 9], [9, 8], [8, 7], [7, 6], [6, 5], [5, 4], [4, 3], [3, 2], [2, 1], [1, 0], [0, 0]]]
[[14, 11], [6, 14], 9.242629999999998, [[14, 11], [13, 12], [12, 12], [11, 13], [10, 14], [9, 14], [8, 14], [7, 14], [6, 14]]]
[[14, 11], [1, 18], 16.48526, [[14, 11], [13, 12], [12, 12], [11, 13], [10, 14], [9, 14], [8, 14], [7, 14], [6, 14], [5, 14], [4, 15], [3, 15], [2, 16], [1, 17], [1, 18]]]
[[14, 11], [7, 12], 7.41421, [[14, 11], [13, 11], [12, 11], [11, 11], [10, 11], [9, 12], [8, 12], [7, 12]]]
[[6, 14], [0, 0], 16.48526, [[6, 14], [5, 13], [4, 12], [3, 11], [2, 10], [2, 9], [2, 8], [2, 7], [1, 6], [1, 5], [0, 4], [0, 3], [0, 2], [0, 1], [0, 0]]]
[[6, 14], [14, 11], 9.242629999999998, [[6, 14], [7, 14], [8, 13], [9, 12], [10, 11], [11, 11], [12, 11], [13, 11], [14, 11]]]
[[6, 14], [1, 18], 7.242629999999999, [[6, 14], [5, 14], [4, 14], [3, 15], [2, 16], [1, 17], [1, 18]]]
[[6, 14], [7, 12], 2.4142099999999997, [[6, 14], [7, 13], [7, 12]]]
[[1, 18], [0, 0], 20.07105, [[1, 18], [0, 17], [0, 16], [0, 15], [0, 14], [0, 13], [0, 12], [1, 11], [1, 10], [1, 9], [1, 8], [2, 7], [1, 6], [1, 5], [0, 4], [0, 3], [0, 2], [0, 1], [0, 0]]]
[[1, 18], [14, 11], 16.48526, [[1, 18], [1, 17], [2, 16], [3, 15], [4, 15], [5, 14], [6, 13], [7, 12], [8, 12], [9, 11], [10, 11], [11, 11], [12, 11], [13, 11], [14, 11]]]
[[1, 18], [6, 14], 7.242629999999999, [[1, 18], [1, 17], [2, 16], [3, 15], [4, 15], [5, 14], [6, 14]]]
[[1, 18], [7, 12], 9.07105, [[1, 18], [1, 17], [2, 16], [3, 16], [4, 15], [5, 14], [6, 13], [7, 12]]]
[[7, 12], [0, 0], 15.48526, [[7, 12], [7, 11], [6, 10], [5, 9], [4, 8], [3, 7], [2, 7], [1, 6], [1, 5], [0, 4], [0, 3], [0, 2], [0, 1], [0, 0]]]
[[7, 12], [14, 11], 7.41421, [[7, 12], [8, 12], [9, 12], [10, 11], [11, 11], [12, 11], [13, 11], [14, 11]]]
[[7, 12], [6, 14], 2.4142099999999997, [[7, 12], [6, 13], [6, 14]]]
[[7, 12], [1, 18], 9.07105, [[7, 12], [6, 13], [5, 14], [4, 15], [3, 16], [2, 16], [1, 17], [1, 18]]]
