[[0, 0], [14, 11], 18.556310000000003, [[0, 0], [1, 1], [2, 1], [3, 2], [4, 3], [5, 4], [6, 5], [7, 6], [8, 7], [9, 8], [10, 9], [11, 10], [12, 10], [13, 11], [14, 11]]]
[[0, 0], [6, 14], 16.48526, [[0, 0], [0, 1], [0, 2], [0, 3], [0, 4], [1, 5], [1, 6], [2, 7], [2, 8], [3, 9], [3, 10], [4, 11], [4, 12], [5, 13], [6, 14]]]
[[0, 0], [1, 18], 20.07105, [[0, 0], [0, 1], [0, 2], [0, 3], [0, 4], [1, 5], [1, 6], [0, 7], [0, 8], [0, 9], [1, 10], [1, 11], [2, 12], [2, 13], [1, 14], [1, 15], [1, 16], [1, 17], [1, 18]]]
[[0, 0], [7, 12], 15.48526, [[0, 0], [1, 1], [2, 1], [3, 2], [4, 3], [4, 4], [5, 5], [5, 6], [6, 7], [6, 8], [6, 9], [7, 10], [7, 11], [7, 12]]]
[[0, 0], [5, 4], 6.656839999999999, [[0, 0], [1, 1], [2, 1], [3, 2], [4, 3], [5, 4]]]
[[0, 0], [12, 2], 12.82842, [[0, 0], [1, 0], [2, 1], [3, 1], [4, 1], [5, 1], [6, 2], [7, 2], [8, 2], [9, 2], [10, 2], [11, 2], [12, 2]]]
[[0, 0], [11, 12], 17.142100000000003, [[0, 0], [1, 1], [2, 1], [3, 2], [4, 3], [5, 4], [6, 5], [7, 6], [8, 7], [8, 8], [9, 9], [10, 10], [11, 11], [11, 12]]]
[[0, 0], [19, 4], 21.48526, [[0, 0], [1, 1], [2, 0], [3, 0], [4, 0], [5, 0], [6, 0], [7, 0], [8, 0], [9, 1], [10, 2], [11, 2], [12, 2], [13, 2], [14, 3], [15, 3], [16, 4], [17, 4], [18, 4], [19, 4]]]
[[0, 0], [4, 5], 7.242629999999999, [[0, 0], [1, 0], [2, 1], [3, 2], [4, 3], [4, 4], [4, 5]]]
[[0, 0], [16, 11], 20.556310000000003, [[0, 0], [1, 0], [2, 1], [3, 2], [4, 3], [5, 4], [6, 4], [7, 5], [8, 6], [9, 7], [10, 7], [11, 8], [12, 9], [13, 10], [14, 11], [15, 11], [16, 11]]]
[[0, 0], [15, 6], 17.48526, [[0, 0], [1, 0], [2, 1], [3, 1], [4, 1], [5, 1], [6, 2], [7, 3], [8, 3], [9, 4], [10, 4], [11, 4], [12, 5], [13, 5], [14, 6], [15, 6]]]
[[0, 0], [16, 18], 25.213150000000006, [[0, 0], [1, 0], [2, 1], [3, 2], [4, 3], [5, 4], [6, 5], [7, 6], [8, 7], [9, 8], [10, 9], [11, 10], [12, 11], [13, 12], [13, 13], [14, 14], [14, 15], [15, 16], [16, 17], [16, 18]]]
[[0, 0], [16, 5], 18.07105, [[0, 0], [1, 0], [2, 0], [3, 0], [4, 1], [5, 1], [6, 2], [7, 2], [8, 3], [9, 3], [10, 4], [11, 4], [12, 4], [13, 4], [14, 4], [15, 5], [16, 5]]]
[[0, 0], [3, 19], 21.89947, [[0, 0], [0, 1], [0, 2], [0, 3], [0, 4], [1, 5], [0, 6], [0, 7], [0, 8], [0, 9], [0, 10], [1, 11], [2, 12], [3, 13], [4, 14], [4, 15], [4, 16], [4, 17], [4, 18], [3, 19]]]
[[14, 11], [0, 0], 18.556310000000003, [[14, 11], [13, 10], [12, 9], [11, 8], [10, 7], [9, 6], [8, 6], [7, 5], [6, 4], [5, 4], [4, 3], [3, 2], [2, 1], [1, 0], [0, 0]]]
[[14, 11], [6, 14], 9.242629999999998, [[14, 11], [13, 12], [12, 12], [11, 13], [10, 14], [9, 14], [8, 14], [7, 14], [6, 14]]]
[[14, 11], [1, 18], 16.48526, [[14, 11], [13, 11], [12, 12], [11, 13], [10, 14], [9, 15], [8, 16], [7, 16], [6, 16], [5, 16], [4, 16], [3, 16], [2, 16], [1, 17], [1, 18]]]
[[14, 11], [7, 12], 7.41421, [[14, 11], [13, 11], [12, 11], [11, 11], [10, 11], [9, 12], [8, 12], [7, 12]]]
[[14, 11], [5, 4], 11.89947, [[14, 11], [13, 10], [12, 9], [11, 8], [10, 7], [9, 6], [8, 6], [7, 6], [6, 5], [5, 4]]]
[[14, 11], [12, 2], 9.828420000000001, [[14, 11], [14, 10], [14, 9], [14, 8], [14, 7], [13, 6], [13, 5], [13, 4], [13, 3], [12, 2]]]
[[14, 11], [11, 12], 3.4142099999999997, [[14, 11], [13, 11], [12, 11], [11, 12]]]
[[14, 11], [19, 4], 9.07105, [[14, 11], [15, 10], [16, 9], [17, 8], [17, 7], [18, 6], [19, 5], [19, 4]]]
[[14, 11], [4, 5], 12.48526, [[14, 11], [13, 10], [12, 10], [11, 9], [10, 9], [9, 9], [8, 8], [7, 7], [6, 7], [5, 6], [4, 5]]]
[[14, 11], [16, 11], 2, [[14, 11], [15, 11], [16, 11]]]
[[14, 11], [15, 6], 5.41421, [[14, 11], [14, 10], [14, 9], [14, 8], [15, 7], [15, 6]]]
[[14, 11], [16, 18], 7.8284199999999995, [[14, 11], [15, 12], [15, 13], [16, 14], [16, 15], [16, 16], [16, 17], [16, 18]]]
[[14, 11], [16, 5], 6.8284199999999995, [[14, 11], [15, 10], [16, 9], [16, 8], [16, 7], [16, 6], [16, 5]]]
[[14, 11], [3, 19], 14.313680000000002, [[14, 11], [13, 12], [12, 13], [11, 14], [10, 15], [9, 16], [8, 17], [7, 18], [6, 19], [5, 19], [4, 19], [3, 19]]]
[[6, 14], [0, 0], 16.48526, [[6, 14], [6, 13], [5, 12], [5, 11], [4, 10], [3, 9], [2, 8], [2, 7], [1, 6], [1, 5], [0, 4], [0, 3], [0, 2], [0, 1], [0, 0]]]
[[6, 14], [14, 11], 9.242629999999998, [[6, 14], [7, 13], [8, 13], [9, 12], [10, 11], [11, 11], [12, 11], [13, 11], [14, 11]]]
[[6, 14], [1, 18], 7.242629999999999, [[6, 14], [5, 14], [4, 15], [3, 15], [2, 16], [1, 17], [1, 18]]]
[[6, 14], [7, 12], 2.4142099999999997, [[6, 14], [7, 13], [7, 12]]]
[[6, 14], [5, 4], 10.41421, [[6, 14], [5, 13], [5, 12], [5, 11], [5, 10], [5, 9], [5, 8], [5, 7], [5, 6], [5, 5], [5, 4]]]
[[6, 14], [12, 2], 15.071050000000001, [[6, 14], [7, 13], [8, 12], [8, 11], [8, 10], [8, 9], [8, 8], [9, 7], [9, 6], [9, 5], [10, 4], [10, 3], [11, 2], [12, 2]]]
[[6, 14], [11, 12], 6.41421, [[6, 14], [7, 14], [8, 14], [9, 14], [10, 14], [11, 13], [11, 12]]]
[[6, 14], [19, 4], 17.142100000000003, [[6, 14], [7, 13], [8, 12], [9, 11], [10, 10], [11, 9], [12, 8], [13, 7], [14, 6], [15, 5], [16, 4], [17, 4], [18, 4], [19, 4]]]
[[6, 14], [4, 5], 9.828420000000001, [[6, 14], [6, 13], [6, 12], [5, 11], [5, 10], [5, 9], [5, 8], [5, 7], [5, 6], [4, 5]]]
[[6, 14], [16, 11], 11.242629999999998, [[6, 14], [7, 13], [8, 13], [9, 12], [10, 11], [11, 11], [12, 11], [13, 11], [14, 11], [15, 11], [16, 11]]]
[[6, 14], [15, 6], 12.313680000000002, [[6, 14], [7, 14], [8, 13], [9, 12], [10, 11], [11, 10], [12, 9], [13, 8], [14, 7], [15, 6]]]
[[6, 14], [16, 18], 11.656839999999999, [[6, 14], [7, 14], [8, 15], [9, 16], [10, 16], [11, 17], [12, 17], [13, 17], [14, 17], [15, 18], [16, 18]]]
[[6, 14], [16, 5], 13.727890000000002, [[6, 14], [7, 14], [8, 13], [9, 12], [10, 11], [11, 10], [12, 9], [13, 8], [14, 7], [15, 6], [16, 5]]]
[[6, 14], [3, 19], 6.242629999999999, [[6, 14], [6, 15], [6, 16], [5, 17], [4, 18], [3, 19]]]
[[1, 18], [0, 0], 20.07105, [[1, 18], [1, 17], [1, 16], [0, 15], [0, 14], [0, 13], [0, 12], [1, 11], [1, 10], [1, 9], [2, 8], [2, 7], [1, 6], [1, 5], [1, 4], [0, 3], [0, 2], [0, 1], [0, 0]]]
[[1, 18], [14, 11], 16.48526, [[1, 18], [1, 17], [2, 16], [3, 15], [4, 14], [5, 13], [6, 13], [7, 13], [8, 12], [9, 12], [10, 11], [11, 11], [12, 11], [13, 11], [14, 11]]]
[[1, 18], [6, 14], 7.242629999999999, [[1, 18], [1, 17], [2, 16], [3, 16], [4, 15], [5, 14], [6, 14]]]
[[1, 18], [7, 12], 9.07105, [[1, 18], [1, 17], [2, 16], [3, 15], [4, 15], [5, 14], [6, 13], [7, 12]]]
[[1, 18], [5, 4], 15.656839999999999, [[1, 18], [1, 17], [2, 16], [2, 15], [3, 14], [3, 13], [4, 12], [5, 11], [5, 10], [5, 9], [5, 8], [5, 7], [5, 6], [5, 5], [5, 4]]]
[[1, 18], [12, 2], 21.142100000000003, [[1, 18], [1, 17], [2, 16], [2, 15], [3, 14], [3, 13], [4, 12], [5, 11], [6, 10], [6, 9], [6, 8], [6, 7], [7, 6], [8, 5], [9, 4], [10, 3], [11, 2], [12, 2]]]
[[1, 18], [11, 12], 13.65684, [[1, 18], [1, 17], [2, 16], [3, 16], [4, 16], [5, 16], [6, 16], [7, 16], [8, 15], [9, 14], [10, 14], [11, 13], [11, 12]]]
[[1, 18], [19, 4], 24.384730000000005, [[1, 18], [1, 17], [2, 16], [3, 15], [4, 14], [5, 14], [6, 13], [7, 13], [8, 12], [9, 11], [10, 10], [11, 10], [12, 10], [13, 9], [14, 8], [15, 7], [16, 6], [17, 5], [18, 4], [19, 4]]]
[[1, 18], [4, 5], 15.07105, [[1, 18], [1, 17], [2, 16], [2, 15], [3, 14], [3, 13], [4, 12], [4, 11], [4, 10], [4, 9], [4, 8], [4, 7], [5, 6], [4, 5]]]
[[1, 18], [16, 11], 18.48526, [[1, 18], [1, 17], [2, 16], [3, 16], [4, 15], [5, 14], [6, 14], [7, 14], [8, 14], [9, 14], [10, 14], [11, 13], [12, 12], [13, 11], [14, 11], [15, 11], [16, 11]]]
[[1, 18], [15, 6], 19.556310000000003, [[1, 18], [1, 17], [2, 16], [3, 15], [4, 15], [5, 14], [6, 14], [7, 13], [8, 12], [9, 11], [10, 10], [11, 9], [12, 8], [13, 7], [14, 6], [15, 6]]]
[[1, 18], [16, 18], 16.65684, [[1, 18], [2, 19], [3, 19], [4, 18], [5, 18], [6, 19], [7, 19], [8, 19], [9, 19], [10, 19], [11, 19], [12, 19], [13, 19], [14, 19], [15, 18], [16, 18]]]
[[1, 18], [16, 5], 20.970520000000004, [[1, 18], [1, 17], [2, 16], [3, 15], [4, 14], [5, 13], [6, 12], [7, 11], [8, 10], [9, 9], [10, 9], [11, 8], [12, 7], [13, 6], [14, 6], [15, 5], [16, 5]]]
[[1, 18], [3, 19], 2.4142099999999997, [[1, 18], [2, 19], [3, 19]]]
[[7, 12], [0, 0], 15.48526, [[7, 12], [7, 11], [6, 10], [5, 9], [4, 8], [3, 7], [2, 7], [1, 6], [1, 5], [1, 4], [0, 3], [0, 2], [0, 1], [0, 0]]]
[[7, 12], [14, 11], 7.41421, [[7, 12], [8, 12], [9, 11], [10, 11], [11, 11], [12, 11], [13, 11], [14, 11]]]
[[7, 12], [6, 14], 2.4142099999999997, [[7, 12], [6, 13], [6, 14]]]
[[7, 12], [1, 18], 9.07105, [[7, 12], [6, 13], [5, 14], [4, 15], [3, 15], [2, 16], [1, 17], [1, 18]]]
[[7, 12], [5, 4], 8.82842, [[7, 12], [7, 11], [6, 10], [5, 9], [5, 8], [5, 7], [5, 6], [5, 5], [5, 4]]]
[[7, 12], [12, 2], 12.65684, [[7, 12], [8, 11], [8, 10], [9, 9], [9, 8], [9, 7], [9, 6], [9, 5], [10, 4], [10, 3], [11, 2], [12, 2]]]
[[7, 12], [11, 12], 4.8284199999999995, [[7, 12], [8, 12], [9, 12], [10, 11], [11, 12]]]
[[7, 12], [19, 4], 15.313680000000002, [[7, 12], [8, 12], [9, 12], [10, 11], [11, 10], [12, 9], [13, 9], [14, 8], [15, 7], [16, 6], [17, 5], [18, 4], [19, 4]]]
[[7, 12], [4, 5], 8.24263, [[7, 12], [7, 11], [7, 10], [7, 9], [6, 8], [5, 7], [5, 6], [4, 5]]]
[[7, 12], [16, 11], 9.41421, [[7, 12], [8, 11], [9, 11], [10, 11], [11, 11], [12, 11], [13, 11], [14, 11], [15, 11], [16, 11]]]
[[7, 12], [15, 6], 10.48526, [[7, 12], [8, 11], [9, 11], [10, 10], [11, 9], [12, 8], [13, 7], [14, 6], [15, 6]]]
[[7, 12], [16, 18], 11.48526, [[7, 12], [8, 13], [9, 14], [10, 15], [11, 16], [12, 17], [13, 17], [14, 17], [15, 18], [16, 18]]]
[[7, 12], [16, 5], 11.89947, [[7, 12], [8, 12], [9, 11], [10, 11], [11, 10], [12, 9], [13, 8], [14, 7], [15, 6], [16, 5]]]
[[7, 12], [3, 19], 8.656839999999999, [[7, 12], [7, 13], [6, 14], [6, 15], [5, 16], [4, 17], [4, 18], [3, 19]]]
[[5, 4], [0, 0], 6.65684, [[5, 4], [4, 3], [3, 2], [2, 1], [1, 0], [0, 0]]]
[[5, 4], [14, 11], 11.89947, [[5, 4], [6, 5], [7, 6], [8, 7], [9, 8], [10, 8], [11, 9], [12, 10], [13, 11], [14, 11]]]
[[5, 4], [6, 14], 10.41421, [[5, 4], [5, 5], [5, 6], [5, 7], [5, 8], [5, 9], [5, 10], [5, 11], [6, 12], [6, 13], [6, 14]]]
[[5, 4], [1, 18], 15.656839999999999, [[5, 4], [5, 5], [5, 6], [4, 7], [4, 8], [3, 9], [2, 10], [2, 11], [2, 12], [2, 13], [1, 14], [1, 15], [1, 16], [1, 17], [1, 18]]]
[[5, 4], [7, 12], 8.82842, [[5, 4], [5, 5], [5, 6], [5, 7], [5, 8], [6, 9], [7, 10], [7, 11], [7, 12]]]
[[5, 4], [12, 2], 7.8284199999999995, [[5, 4], [6, 3], [7, 3], [8, 3], [9, 2], [10, 2], [11, 2], [12, 2]]]
[[5, 4], [11, 12], 10.48526, [[5, 4], [6, 5], [7, 6], [8, 7], [8, 8], [9, 9], [10, 10], [11, 11], [11, 12]]]
[[5, 4], [19, 4], 14.82842, [[5, 4], [6, 4], [7, 5], [8, 5], [9, 4], [10, 4], [11, 4], [12, 4], [13, 4], [14, 4], [15, 4], [16, 4], [17, 4], [18, 4], [19, 4]]]
[[5, 4], [4, 5], 1.41421, [[5, 4], [4, 5]]]
[[5, 4], [16, 11], 13.89947, [[5, 4], [6, 5], [7, 5], [8, 5], [9, 6], [10, 6], [11, 7], [12, 8], [13, 9], [14, 10], [15, 11], [16, 11]]]
[[5, 4], [15, 6], 11.656839999999999, [[5, 4], [6, 4], [7, 5], [8, 6], [9, 7], [10, 7], [11, 7], [12, 7], [13, 7], [14, 6], [15, 6]]]
[[5, 4], [16, 18], 18.556310000000003, [[5, 4], [6, 5], [7, 6], [8, 7], [9, 8], [10, 9], [10, 10], [10, 11], [11, 12], [12, 13], [13, 14], [14, 15], [15, 16], [16, 17], [16, 18]]]
[[5, 4], [16, 5], 12.24263, [[5, 4], [6, 4], [7, 3], [8, 3], [9, 3], [10, 3], [11, 4], [12, 4], [13, 4], [14, 4], [15, 5], [16, 5]]]
[[5, 4], [3, 19], 16.656840000000003, [[5, 4], [5, 5], [5, 6], [5, 7], [4, 8], [4, 9], [4, 10], [4, 11], [4, 12], [3, 13], [3, 14], [4, 15], [4, 16], [4, 17], [4, 18], [3, 19]]]
[[12, 2], [0, 0], 12.82842, [[12, 2], [11, 2], [10, 2], [9, 1], [8, 1], [7, 1], [6, 1], [5, 0], [4, 0], [3, 0], [2, 0], [1, 0], [0, 0]]]
[[12, 2], [14, 11], 9.82842, [[12, 2], [13, 3], [13, 4], [13, 5], [14, 6], [14, 7], [14, 8], [14, 9], [14, 10], [14, 11]]]
[[12, 2], [6, 14], 15.07105, [[12, 2], [11, 2], [10, 3], [9, 4], [9, 5], [9, 6], [8, 7], [8, 8], [8, 9], [7, 10], [7, 11], [6, 12], [6, 13], [6, 14]]]
[[12, 2], [1, 18], 21.142100000000003, [[12, 2], [11, 2], [10, 3], [9, 4], [8, 5], [7, 6], [6, 7], [6, 8], [6, 9], [6, 10], [5, 11], [4, 12], [3, 13], [3, 14], [3, 15], [2, 16], [1, 17], [1, 18]]]
[[12, 2], [7, 12], 12.656839999999999, [[12, 2], [11, 2], [10, 3], [10, 4], [9, 5], [8, 6], [8, 7], [8, 8], [8, 9], [7, 10], [7, 11], [7, 12]]]
[[12, 2], [5, 4], 7.8284199999999995, [[12, 2], [11, 2], [10, 2], [9, 3], [8, 3], [7, 3], [6, 4], [5, 4]]]
[[12, 2], [11, 12], 11.242629999999998, [[12, 2], [13, 3], [13, 4], [13, 5], [13, 6], [12, 7], [11, 8], [11, 9], [11, 10], [11, 11], [11, 12]]]
[[12, 2], [19, 4], 7.8284199999999995, [[12, 2], [13, 3], [14, 3], [15, 3], [16, 3], [17, 4], [18, 4], [19, 4]]]
[[12, 2], [4, 5], 9.242629999999998, [[12, 2], [11, 2], [10, 3], [9, 4], [8, 5], [7, 5], [6, 5], [5, 5], [4, 5]]]
[[12, 2], [16, 11], 10.656839999999999, [[12, 2], [13, 3], [13, 4], [13, 5], [14, 6], [15, 7], [16, 8], [16, 9], [16, 10], [16, 11]]]
[[12, 2], [15, 6], 5.24263, [[12, 2], [13, 3], [14, 4], [15, 5], [15, 6]]]
[[12, 2], [16, 18], 17.656840000000003, [[12, 2], [13, 3], [13, 4], [13, 5], [13, 6], [14, 7], [14, 8], [14, 9], [15, 10], [16, 11], [16, 12], [16, 13], [16, 14], [16, 15], [16, 16], [16, 17], [16, 18]]]
[[12, 2], [16, 5], 5.242629999999999, [[12, 2], [13, 2], [14, 3], [15, 4], [16, 5]]]
[[12, 2], [3, 19], 21.31368, [[12, 2], [11, 2], [10, 3], [10, 4], [9, 5], [8, 6], [8, 7], [8, 8], [8, 9], [7, 10], [7, 11], [6, 12], [6, 13], [5, 14], [4, 15], [4, 16], [4, 17], [4, 18], [3, 19]]]
[[11, 12], [0, 0], 17.142100000000003, [[11, 12], [10, 11], [10, 10], [10, 9], [9, 8], [8, 7], [7, 6], [6, 5], [5, 4], [4, 3], [3, 2], [2, 1], [1, 0], [0, 0]]]
[[11, 12], [14, 11], 3.4142099999999997, [[11, 12], [12, 11], [13, 11], [14, 11]]]
[[11, 12], [6, 14], 6.41421, [[11, 12], [11, 13], [10, 14], [9, 14], [8, 14], [7, 14], [6, 14]]]
[[11, 12], [1, 18], 13.656839999999999, [[11, 12], [11, 13], [10, 14], [9, 15], [8, 16], [7, 16], [6, 16], [5, 16], [4, 16], [3, 16], [2, 16], [1, 17], [1, 18]]]
[[11, 12], [7, 12], 4.8284199999999995, [[11, 12], [10, 11], [9, 12], [8, 12], [7, 12]]]
[[11, 12], [5, 4], 10.48526, [[11, 12], [11, 11], [10, 10], [9, 9], [9, 8], [8, 7], [7, 6], [6, 5], [5, 4]]]
[[11, 12], [12, 2], 11.24263, [[11, 12], [11, 11], [11, 10], [12, 9], [12, 8], [13, 7], [13, 6], [13, 5], [13, 4], [13, 3], [12, 2]]]
[[11, 12], [19, 4], 11.89947, [[11, 12], [11, 11], [12, 10], [13, 9], [14, 8], [15, 7], [16, 6], [17, 5], [18, 4], [19, 4]]]
[[11, 12], [4, 5], 10.48526, [[11, 12], [10, 11], [9, 11], [8, 10], [7, 9], [6, 8], [5, 7], [5, 6], [4, 5]]]
[[11, 12], [16, 11], 5.41421, [[11, 12], [12, 12], [13, 12], [14, 11], [15, 11], [16, 11]]]
[[11, 12], [15, 6], 7.656839999999999, [[11, 12], [12, 11], [12, 10], [13, 9], [14, 8], [15, 7], [15, 6]]]
[[11, 12], [16, 18], 8.07105, [[11, 12], [12, 13], [12, 14], [13, 15], [14, 16], [15, 17], [16, 18]]]
[[11, 12], [16, 5], 9.07105, [[11, 12], [12, 11], [13, 10], [14, 9], [14, 8], [15, 7], [16, 6], [16, 5]]]
[[11, 12], [3, 19], 11.48526, [[11, 12], [11, 13], [10, 14], [9, 15], [8, 16], [7, 16], [6, 17], [5, 18], [4, 19], [3, 19]]]
[[19, 4], [0, 0], 20.65684, [[19, 4], [18, 4], [17, 4], [16, 4], [15, 4], [14, 3], [13, 3], [12, 2], [11, 2], [10, 2], [9, 2], [8, 2], [7, 1], [6, 1], [5, 1], [4, 0], [3, 0], [2, 0], [1, 0], [0, 0]]]
[[19, 4], [14, 11], 9.07105, [[19, 4], [19, 5], [18, 6], [17, 7], [17, 8], [16, 9], [15, 10], [14, 11]]]
[[19, 4], [6, 14], 17.142100000000003, [[19, 4], [18, 5], [17, 6], [16, 6], [15, 6], [14, 6], [13, 7], [12, 8], [11, 9], [10, 10], [9, 11], [8, 12], [7, 13], [6, 14]]]
[[19, 4], [1, 18], 24.384730000000005, [[19, 4], [18, 4], [17, 4], [16, 4], [15, 5], [14, 6], [13, 7], [12, 8], [11, 9], [10, 9], [9, 9], [8, 10], [7, 11], [6, 12], [5, 13], [4, 14], [3, 15], [2, 16], [1, 17], [1, 18]]]
[[19, 4], [7, 12], 15.313680000000002, [[19, 4], [18, 5], [17, 6], [16, 7], [15, 7], [14, 8], [13, 9], [12, 10], [11, 11], [10, 11], [9, 11], [8, 12], [7, 12]]]
[[19, 4], [5, 4], 15.65684, [[19, 4], [18, 3], [17, 3], [16, 3], [15, 3], [14, 4], [13, 4], [12, 4], [11, 4], [10, 4], [9, 4], [8, 3], [7, 3], [6, 4], [5, 4]]]
[[19, 4], [12, 2], 7.8284199999999995, [[19, 4], [18, 3], [17, 3], [16, 2], [15, 2], [14, 2], [13, 2], [12, 2]]]
[[19, 4], [11, 12], 11.89947, [[19, 4], [19, 5], [18, 6], [17, 7], [16, 8], [15, 9], [14, 10], [13, 11], [12, 12], [11, 12]]]
[[19, 4], [4, 5], 16.24263, [[19, 4], [18, 3], [17, 3], [16, 4], [15, 4], [14, 4], [13, 4], [12, 4], [11, 4], [10, 4], [9, 4], [8, 5], [7, 5], [6, 5], [5, 5], [4, 5]]]
[[19, 4], [16, 11], 8.242629999999998, [[19, 4], [19, 5], [19, 6], [18, 7], [17, 8], [16, 9], [16, 10], [16, 11]]]
[[19, 4], [15, 6], 4.8284199999999995, [[19, 4], [18, 5], [17, 5], [16, 6], [15, 6]]]
[[19, 4], [16, 18], 15.242629999999998, [[19, 4], [19, 5], [19, 6], [19, 7], [18, 8], [17, 9], [16, 10], [16, 11], [16, 12], [16, 13], [16, 14], [16, 15], [16, 16], [16, 17], [16, 18]]]
[[19, 4], [16, 5], 3.4142099999999997, [[19, 4], [18, 4], [17, 5], [16, 5]]]
[[19, 4], [3, 19], 22.798940000000005, [[19, 4], [18, 4], [17, 5], [16, 6], [15, 6], [14, 7], [13, 8], [12, 9], [11, 10], [10, 11], [9, 12], [8, 13], [7, 14], [6, 15], [5, 16], [4, 17], [4, 18], [3, 19]]]
[[4, 5], [0, 0], 7.242629999999999, [[4, 5], [3, 5], [2, 4], [1, 3], [0, 2], [0, 1], [0, 0]]]
[[4, 5], [14, 11], 12.48526, [[4, 5], [5, 6], [6, 7], [7, 8], [8, 9], [9, 9], [10, 9], [11, 10], [12, 10], [13, 11], [14, 11]]]
[[4, 5], [6, 14], 9.82842, [[4, 5], [5, 6], [5, 7], [5, 8], [5, 9], [5, 10], [5, 11], [6, 12], [6, 13], [6, 14]]]
[[4, 5], [1, 18], 15.07105, [[4, 5], [5, 6], [5, 7], [4, 8], [4, 9], [4, 10], [3, 11], [3, 12], [2, 13], [1, 14], [1, 15], [1, 16], [1, 17], [1, 18]]]
[[4, 5], [7, 12], 8.242629999999998, [[4, 5], [5, 6], [5, 7], [6, 8], [7, 9], [7, 10], [7, 11], [7, 12]]]
[[4, 5], [5, 4], 1.41421, [[4, 5], [5, 4]]]
[[4, 5], [12, 2], 9.242629999999998, [[4, 5], [5, 4], [6, 4], [7, 3], [8, 2], [9, 2], [10, 2], [11, 2], [12, 2]]]
[[4, 5], [11, 12], 10.48526, [[4, 5], [5, 6], [6, 7], [7, 8], [8, 9], [9, 9], [10, 10], [11, 11], [11, 12]]]
[[4, 5], [19, 4], 16.24263, [[4, 5], [5, 6], [6, 5], [7, 5], [8, 5], [9, 5], [10, 4], [11, 4], [12, 4], [13, 4], [14, 4], [15, 4], [16, 4], [17, 4], [18, 4], [19, 4]]]
[[4, 5], [16, 11], 14.48526, [[4, 5], [5, 6], [6, 7], [7, 8], [8, 8], [9, 9], [10, 9], [11, 10], [12, 10], [13, 11], [14, 11], [15, 11], [16, 11]]]
[[4, 5], [15, 6], 12.24263, [[4, 5], [5, 5], [6, 5], [7, 5], [8, 5], [9, 6], [10, 6], [11, 7], [12, 7], [13, 6], [14, 6], [15, 6]]]
[[4, 5], [16, 18], 18.556310000000003, [[4, 5], [5, 6], [6, 7], [7, 8], [8, 8], [9, 9], [10, 10], [11, 11], [12, 12], [13, 13], [14, 14], [14, 15], [15, 16], [15, 17], [16, 18]]]
[[4, 5], [16, 5], 13.656839999999999, [[4, 5], [5, 5], [6, 4], [7, 3], [8, 3], [9, 4], [10, 4], [11, 4], [12, 4], [13, 4], [14, 4], [15, 5], [16, 5]]]
[[4, 5], [3, 19], 16.07105, [[4, 5], [5, 6], [5, 7], [5, 8], [4, 9], [4, 10], [3, 11], [4, 12], [4, 13], [4, 14], [4, 15], [4, 16], [4, 17], [4, 18], [3, 19]]]
[[16, 11], [0, 0], 20.556310000000003, [[16, 11], [15, 10], [14, 9], [13, 8], [12, 8], [11, 7], [10, 6], [9, 5], [8, 5], [7, 5], [6, 4], [5, 4], [4, 3], [3, 2], [2, 1], [1, 0], [0, 0]]]
[[16, 11], [14, 11], 2, [[16, 11], [15, 11], [14, 11]]]
[[16, 11], [6, 14], 11.242629999999998, [[16, 11], [15, 11], [14, 12], [13, 13], [12, 14], [11, 14], [10, 14], [9, 14], [8, 14], [7, 14], [6, 14]]]
[[16, 11], [1, 18], 18.727890000000002, [[16, 11], [15, 11], [14, 12], [13, 13], [12, 13], [11, 14], [10, 14], [9, 15], [8, 16], [7, 16], [6, 16], [5, 17], [4, 18], [3, 19], [2, 19], [1, 18]]]
[[16, 11], [7, 12], 9.41421, [[16, 11], [15, 11], [14, 11], [13, 11], [12, 11], [11, 11], [10, 11], [9, 12], [8, 12], [7, 12]]]
[[16, 11], [5, 4], 13.89947, [[16, 11], [15, 11], [14, 10], [13, 9], [12, 8], [11, 7], [10, 7], [9, 6], [8, 5], [7, 5], [6, 4], [5, 4]]]
[[16, 11], [12, 2], 10.656839999999999, [[16, 11], [15, 10], [15, 9], [14, 8], [14, 7], [13, 6], [13, 5], [13, 4], [13, 3], [12, 2]]]
[[16, 11], [11, 12], 5.41421, [[16, 11], [15, 11], [14, 12], [13, 12], [12, 12], [11, 12]]]
[[16, 11], [19, 4], 8.242629999999998, [[16, 11], [17, 10], [17, 9], [18, 8], [18, 7], [19, 6], [19, 5], [19, 4]]]
[[16, 11], [4, 5], 14.48526, [[16, 11], [15, 11], [14, 10], [13, 9], [12, 9], [11, 8], [10, 8], [9, 7], [8, 7], [7, 6], [6, 5], [5, 5], [4, 5]]]
[[16, 11], [15, 6], 5.41421, [[16, 11], [16, 10], [16, 9], [16, 8], [15, 7], [15, 6]]]
[[16, 11], [16, 18], 7, [[16, 11], [16, 12], [16, 13], [16, 14], [16, 15], [16, 16], [16, 17], [16, 18]]]
[[16, 11], [16, 5], 6, [[16, 11], [16, 10], [16, 9], [16, 8], [16, 7], [16, 6], [16, 5]]]
[[16, 11], [3, 19], 16.31368, [[16, 11], [15, 11], [14, 11], [13, 12], [12, 13], [11, 13], [10, 14], [9, 14], [8, 15], [7, 16], [6, 17], [5, 18], [4, 19], [3, 19]]]
[[15, 6], [0, 0], 17.48526, [[15, 6], [14, 6], [13, 5], [12, 5], [11, 4], [10, 4], [9, 3], [8, 3], [7, 3], [6, 2], [5, 1], [4, 0], [3, 0], [2, 0], [1, 0], [0, 0]]]
[[15, 6], [14, 11], 5.41421, [[15, 6], [15, 7], [14, 8], [14, 9], [14, 10], [14, 11]]]
[[15, 6], [6, 14], 12.313680000000002, [[15, 6], [14, 7], [13, 7], [12, 8], [11, 9], [10, 10], [9, 11], [8, 12], [7, 13], [6, 14]]]
[[15, 6], [1, 18], 19.556310000000003, [[15, 6], [14, 7], [13, 7], [12, 8], [11, 9], [10, 10], [9, 11], [8, 12], [7, 13], [6, 14], [5, 14], [4, 15], [3, 16], [2, 16], [1, 17], [1, 18]]]
[[15, 6], [7, 12], 10.48526, [[15, 6], [14, 7], [13, 8], [12, 9], [11, 10], [10, 10], [9, 11], [8, 12], [7, 12]]]
[[15, 6], [5, 4], 11.656839999999999, [[15, 6], [14, 6], [13, 6], [12, 5], [11, 4], [10, 3], [9, 3], [8, 3], [7, 3], [6, 4], [5, 4]]]
[[15, 6], [12, 2], 5.242629999999999, [[15, 6], [15, 5], [14, 4], [13, 3], [12, 2]]]
[[15, 6], [11, 12], 7.656839999999999, [[15, 6], [15, 7], [14, 8], [13, 9], [12, 10], [11, 11], [11, 12]]]
[[15, 6], [19, 4], 4.8284199999999995, [[15, 6], [16, 5], [17, 4], [18, 4], [19, 4]]]
[[15, 6], [4, 5], 12.242629999999998, [[15, 6], [14, 6], [13, 5], [12, 5], [11, 6], [10, 6], [9, 5], [8, 5], [7, 5], [6, 5], [5, 5], [4, 5]]]
[[15, 6], [16, 11], 5.41421, [[15, 6], [16, 7], [16, 8], [16, 9], [16, 10], [16, 11]]]
[[15, 6], [16, 18], 12.41421, [[15, 6], [16, 7], [16, 8], [16, 9], [16, 10], [16, 11], [16, 12], [16, 13], [16, 14], [16, 15], [16, 16], [16, 17], [16, 18]]]
[[15, 6], [16, 5], 1.41421, [[15, 6], [16, 5]]]
[[15, 6], [3, 19], 17.970520000000004, [[15, 6], [14, 7], [13, 8], [12, 9], [11, 10], [10, 11], [9, 12], [8, 13], [7, 14], [6, 15], [5, 16], [4, 17], [4, 18], [3, 19]]]
[[16, 18], [0, 0], 25.213150000000006, [[16, 18], [15, 17], [15, 16], [14, 15], [13, 14], [12, 13], [11, 12], [10, 11], [10, 10], [9, 9], [8, 8], [7, 7], [7, 6], [6, 5], [5, 4], [4, 3], [3, 2], [2, 1], [1, 0], [0, 0]]]
[[16, 18], [14, 11], 7.8284199999999995, [[16, 18], [16, 17], [16, 16], [16, 15], [15, 14], [15, 13], [14, 12], [14, 11]]]
[[16, 18], [6, 14], 11.656839999999999, [[16, 18], [15, 17], [14, 17], [13, 16], [12, 15], [11, 14], [10, 14], [9, 14], [8, 14], [7, 14], [6, 14]]]
[[16, 18], [1, 18], 16.65684, [[16, 18], [15, 19], [14, 19], [13, 19], [12, 19], [11, 19], [10, 19], [9, 19], [8, 18], [7, 19], [6, 19], [5, 19], [4, 19], [3, 19], [2, 19], [1, 18]]]
[[16, 18], [7, 12], 11.48526, [[16, 18], [15, 17], [14, 16], [13, 15], [12, 14], [11, 14], [10, 14], [9, 13], [8, 12], [7, 12]]]
[[16, 18], [5, 4], 18.556310000000003, [[16, 18], [15, 17], [14, 16], [14, 15], [13, 14], [12, 13], [11, 12], [10, 11], [10, 10], [9, 9], [8, 8], [7, 7], [7, 6], [6, 5], [5, 4]]]
[[16, 18], [12, 2], 18.48526, [[16, 18], [15, 17], [14, 16], [14, 15], [15, 14], [15, 13], [15, 12], [15, 11], [15, 10], [14, 9], [14, 8], [13, 7], [13, 6], [13, 5], [13, 4], [13, 3], [12, 2]]]
[[16, 18], [11, 12], 8.07105, [[16, 18], [15, 17], [14, 16], [13, 15], [12, 14], [11, 13], [11, 12]]]
[[16, 18], [19, 4], 15.242630000000002, [[16, 18], [16, 17], [16, 16], [17, 15], [17, 14], [17, 13], [17, 12], [17, 11], [17, 10], [17, 9], [17, 8], [18, 7], [19, 6], [19, 5], [19, 4]]]
[[16, 18], [4, 5], 18.556310000000003, [[16, 18], [16, 17], [15, 16], [14, 15], [13, 14], [12, 13], [11, 12], [10, 11], [9, 11], [8, 10], [7, 9], [7, 8], [6, 7], [5, 6], [4, 5]]]
[[16, 18], [16, 11], 7, [[16, 18], [16, 17], [16, 16], [16, 15], [16, 14], [16, 13], [16, 12], [16, 11]]]
[[16, 18], [15, 6], 12.41421, [[16, 18], [16, 17], [16, 16], [16, 15], [16, 14], [16, 13], [16, 12], [16, 11], [16, 10], [16, 9], [16, 8], [15, 7], [15, 6]]]
[[16, 18], [16, 5], 13, [[16, 18], [16, 17], [16, 16], [16, 15], [16, 14], [16, 13], [16, 12], [16, 11], [16, 10], [16, 9], [16, 8], [16, 7], [16, 6], [16, 5]]]
[[16, 18], [3, 19], 13.41421, [[16, 18], [15, 18], [14, 19], [13, 19], [12, 19], [11, 19], [10, 19], [9, 19], [8, 19], [7, 19], [6, 19], [5, 19], [4, 19], [3, 19]]]
[[16, 5], [0, 0], 18.07105, [[16, 5], [15, 4], [14, 3], [13, 2], [12, 2], [11, 2], [10, 1], [9, 1], [8, 1], [7, 1], [6, 1], [5, 0], [4, 0], [3, 0], [2, 0], [1, 0], [0, 0]]]
[[16, 5], [14, 11], 6.8284199999999995, [[16, 5], [16, 6], [15, 7], [14, 8], [14, 9], [14, 10], [14, 11]]]
[[16, 5], [6, 14], 13.727890000000002, [[16, 5], [15, 6], [14, 7], [13, 8], [12, 9], [11, 10], [10, 11], [9, 12], [8, 13], [7, 14], [6, 14]]]
[[16, 5], [1, 18], 20.970520000000004, [[16, 5], [15, 6], [14, 6], [13, 7], [12, 8], [11, 9], [10, 10], [9, 11], [8, 12], [7, 13], [6, 14], [5, 14], [4, 14], [3, 15], [2, 16], [1, 17], [1, 18]]]
[[16, 5], [7, 12], 11.89947, [[16, 5], [15, 6], [14, 7], [13, 8], [12, 9], [11, 10], [10, 10], [9, 11], [8, 12], [7, 12]]]
[[16, 5], [5, 4], 12.24263, [[16, 5], [15, 5], [14, 4], [13, 4], [12, 4], [11, 4], [10, 4], [9, 4], [8, 3], [7, 3], [6, 3], [5, 4]]]
[[16, 5], [12, 2], 5.242629999999999, [[16, 5], [15, 5], [14, 4], [13, 3], [12, 2]]]
[[16, 5], [11, 12], 9.07105, [[16, 5], [16, 6], [15, 7], [14, 8], [13, 9], [12, 10], [11, 11], [11, 12]]]
[[16, 5], [19, 4], 3.4142099999999997, [[16, 5], [17, 5], [18, 4], [19, 4]]]
[[16, 5], [4, 5], 12.82842, [[16, 5], [15, 5], [14, 4], [13, 4], [12, 4], [11, 4], [10, 4], [9, 4], [8, 5], [7, 5], [6, 5], [5, 5], [4, 5]]]
[[16, 5], [16, 11], 6, [[16, 5], [16, 6], [16, 7], [16, 8], [16, 9], [16, 10], [16, 11]]]
[[16, 5], [15, 6], 1.41421, [[16, 5], [15, 6]]]
[[16, 5], [16, 18], 13.82842, [[16, 5], [16, 6], [16, 7], [17, 8], [16, 9], [16, 10], [16, 11], [16, 12], [16, 13], [16, 14], [16, 15], [16, 16], [16, 17], [16, 18]]]
[[16, 5], [3, 19], 19.384730000000005, [[16, 5], [15, 6], [14, 7], [13, 8], [12, 9], [11, 10], [10, 11], [9, 12], [8, 13], [7, 14], [6, 15], [5, 16], [4, 17], [4, 18], [3, 19]]]
[[3, 19], [0, 0], 21.07105, [[3, 19], [4, 18], [4, 17], [4, 16], [3, 15], [3, 14], [2, 13], [2, 12], [2, 11], [2, 10], [2, 9], [2, 8], [2, 7], [1, 6], [1, 5], [0, 4], [0, 3], [0, 2], [0, 1], [0, 0]]]
[[3, 19], [14, 11], 14.313680000000002, [[3, 19], [4, 19], [5, 18], [6, 17], [7, 16], [8, 15], [9, 14], [10, 14], [11, 13], [12, 12], [13, 11], [14, 11]]]
[[3, 19], [6, 14], 6.242629999999999, [[3, 19], [4, 18], [4, 17], [5, 16], [6, 15], [6, 14]]]
[[3, 19], [1, 18], 2.4142099999999997, [[3, 19], [2, 19], [1, 18]]]
[[3, 19], [7, 12], 8.656839999999999, [[3, 19], [4, 18], [5, 17], [5, 16], [6, 15], [7, 14], [7, 13], [7, 12]]]
[[3, 19], [5, 4], 16.65684, [[3, 19], [4, 18], [5, 17], [4, 16], [4, 15], [4, 14], [5, 13], [5, 12], [5, 11], [5, 10], [5, 9], [5, 8], [5, 7], [5, 6], [5, 5], [5, 4]]]
[[3, 19], [12, 2], 21.31368, [[3, 19], [4, 18], [5, 17], [5, 16], [6, 15], [7, 14], [7, 13], [7, 12], [7, 11], [7, 10], [8, 9], [8, 8], [8, 7], [9, 6], [9, 5], [10, 4], [10, 3], [11, 2], [12, 2]]]
[[3, 19], [11, 12], 11.48526, [[3, 19], [4, 18], [5, 17], [6, 16], [7, 16], [8, 16], [9, 15], [10, 14], [11, 13], [11, 12]]]
[[3, 19], [19, 4], 22.798940000000005, [[3, 19], [4, 18], [4, 17], [5, 16], [6, 15], [7, 14], [8, 13], [9, 12], [10, 11], [11, 10], [12, 9], [13, 8], [14, 7], [15, 6], [16, 5], [17, 5], [18, 4], [19, 4]]]
[[3, 19], [4, 5], 15.242630000000002, [[3, 19], [4, 18], [4, 17], [4, 16], [4, 15], [4, 14], [4, 13], [4, 12], [4, 11], [4, 10], [4, 9], [4, 8], [4, 7], [5, 6], [4, 5]]]
[[3, 19], [16, 11], 16.31368, [[3, 19], [4, 18], [5, 18], [6, 17], [7, 16], [8, 16], [9, 16], [10, 15], [11, 15], [12, 14], [13, 13], [14, 12], [15, 11], [16, 11]]]
[[3, 19], [15, 6], 17.970520000000004, [[3, 19], [4, 18], [5, 17], [6, 16], [6, 15], [7, 14], [8, 13], [9, 12], [10, 11], [11, 10], [12, 9], [13, 8], [14, 7], [15, 6]]]
[[3, 19], [16, 18], 13.41421, [[3, 19], [4, 19], [5, 19], [6, 19], [7, 19], [8, 19], [9, 19], [10, 19], [11, 19], [12, 19], [13, 19], [14, 19], [15, 18], [16, 18]]]
[[3, 19], [16, 5], 19.384730000000005, [[3, 19], [4, 18], [5, 17], [5, 16], [6, 15], [7, 14], [8, 13], [9, 12], [10, 11], [11, 10], [12, 9], [13, 8], [14, 7], [15, 6], [16, 5]]]
