[[0, 0], [1, 18], 18.41421, [[0, 0], [0, 1], [0, 2], [0, 3], [0, 4], [0, 5], [0, 6], [0, 7], [0, 8], [0, 9], [0, 10], [1, 11], [1, 12], [1, 13], [1, 14], [1, 15], [1, 16], [1, 17], [1, 18]]]
[[0, 0], [18, 1], 18.41421, [[0, 0], [1, 0], [2, 0], [3, 0], [4, 0], [5, 1], [6, 1], [7, 1], [8, 1], [9, 1], [10, 1], [11, 1], [12, 1], [13, 1], [14, 1], [15, 1], [16, 1], [17, 1], [18, 1]]]
[[0, 0], [8, 3], 9.242629999999998, [[0, 0], [1, 0], [2, 0], [3, 1], [4, 2], [5, 3], [6, 3], [7, 3], [8, 3]]]
[[0, 0], [6, 10], 12.48526, [[0, 0], [1, 1], [2, 2], [3, 3], [4, 4], [4, 5], [4, 6], [4, 7], [5, 8], [6, 9], [6, 10]]]
[[0, 0], [15, 15], 22.384730000000005, [[0, 0], [1, 1], [2, 2], [3, 3], [4, 4], [5, 4], [6, 5], [7, 6], [8, 6], [9, 7], [10, 8], [10, 9], [10, 10], [11, 11], [12, 12], [13, 13], [14, 14], [15, 15]]]
[[0, 0], [10, 17], 21.142100000000003, [[0, 0], [1, 1], [2, 2], [3, 3], [4, 4], [4, 5], [4, 6], [4, 7], [5, 8], [5, 9], [6, 10], [7, 11], [7, 12], [8, 13], [9, 14], [10, 15], [10, 16], [10, 17]]]
[[0, 0], [3, 3], 4.24263, [[0, 0], [1, 1], [2, 2], [3, 3]]]
[[0, 0], [16, 6], 18.48526, [[0, 0], [1, 0], [2, 1], [3, 2], [4, 2], [5, 3], [6, 4], [7, 5], [8, 5], [9, 6], [10, 6], [11, 6], [12, 6], [13, 6], [14, 6], [15, 6], [16, 6]]]
[[0, 0], [9, 5], 11.07105, [[0, 0], [1, 1], [2, 1], [3, 1], [4, 2], [5, 3], [6, 3], [7, 4], [8, 5], [9, 5]]]
[[0, 0], [10, 10], 15.313680000000002, [[0, 0], [1, 1], [2, 2], [3, 3], [4, 4], [5, 4], [6, 4], [7, 5], [8, 6], [9, 7], [10, 8], [10, 9], [10, 10]]]
[[1, 18], [0, 0], 19.24263, [[1, 18], [1, 17], [2, 16], [1, 15], [1, 14], [1, 13], [1, 12], [0, 11], [0, 10], [0, 9], [0, 8], [0, 7], [0, 6], [0, 5], [0, 4], [0, 3], [0, 2], [0, 1], [0, 0]]]
[[1, 18], [18, 1], 24.627360000000007, [[1, 18], [2, 17], [3, 16], [4, 15], [5, 14], [6, 14], [7, 13], [8, 12], [9, 11], [9, 10], [10, 9], [11, 8], [12, 7], [13, 6], [14, 5], [15, 4], [16, 3], [17, 2], [18, 1]]]
[[1, 18], [8, 3], 17.89947, [[1, 18], [1, 17], [1, 16], [2, 15], [2, 14], [2, 13], [3, 12], [4, 11], [5, 10], [6, 9], [7, 8], [7, 7], [8, 6], [8, 5], [8, 4], [8, 3]]]
[[1, 18], [6, 10], 10.07105, [[1, 18], [1, 17], [2, 16], [3, 15], [4, 14], [4, 13], [5, 12], [6, 11], [6, 10]]]
[[1, 18], [15, 15], 16.07105, [[1, 18], [2, 18], [3, 18], [4, 17], [5, 16], [6, 16], [7, 16], [8, 16], [9, 16], [10, 15], [11, 15], [12, 15], [13, 15], [14, 14], [15, 15]]]
[[1, 18], [10, 17], 9.41421, [[1, 18], [2, 18], [3, 18], [4, 18], [5, 17], [6, 17], [7, 17], [8, 17], [9, 17], [10, 17]]]
[[1, 18], [3, 3], 15.82842, [[1, 18], [1, 17], [1, 16], [2, 15], [3, 14], [3, 13], [3, 12], [3, 11], [3, 10], [3, 9], [3, 8], [3, 7], [3, 6], [3, 5], [3, 4], [3, 3]]]
[[1, 18], [16, 6], 19.970520000000004, [[1, 18], [2, 17], [3, 16], [4, 15], [5, 14], [6, 14], [7, 13], [8, 12], [9, 11], [10, 11], [11, 10], [12, 9], [13, 8], [14, 7], [15, 6], [16, 6]]]
[[1, 18], [9, 5], 16.31368, [[1, 18], [1, 17], [2, 16], [3, 15], [3, 14], [4, 13], [5, 12], [5, 11], [6, 10], [6, 9], [7, 8], [8, 7], [9, 6], [9, 5]]]
[[1, 18], [10, 10], 12.313680000000002, [[1, 18], [2, 17], [3, 17], [4, 16], [5, 15], [6, 14], [7, 13], [8, 12], [9, 11], [10, 10]]]
[[18, 1], [0, 0], 19.24263, [[18, 1], [17, 0], [16, 0], [15, 0], [14, 0], [13, 1], [12, 1], [11, 1], [10, 1], [9, 1], [8, 1], [7, 1], [6, 1], [5, 1], [4, 0], [3, 0], [2, 0], [1, 0], [0, 0]]]
[[18, 1], [1, 18], 24.627360000000007, [[18, 1], [18, 2], [17, 3], [16, 4], [15, 5], [14, 6], [13, 7], [12, 8], [11, 9], [10, 10], [9, 11], [8, 12], [7, 13], [6, 14], [5, 15], [4, 16], [3, 17], [2, 18], [1, 18]]]
[[18, 1], [8, 3], 11.65684, [[18, 1], [17, 1], [16, 2], [15, 2], [14, 2], [13, 2], [12, 2], [11, 2], [10, 3], [9, 4], [8, 3]]]
[[18, 1], [6, 10], 15.727890000000002, [[18, 1], [17, 2], [16, 3], [15, 4], [14, 5], [13, 6], [12, 7], [11, 8], [10, 9], [9, 10], [8, 10], [7, 10], [6, 10]]]
[[18, 1], [15, 15], 15.242629999999998, [[18, 1], [18, 2], [18, 3], [17, 4], [17, 5], [16, 6], [15, 7], [15, 8], [15, 9], [15, 10], [15, 11], [15, 12], [15, 13], [15, 14], [15, 15]]]
[[18, 1], [10, 17], 19.31368, [[18, 1], [18, 2], [18, 3], [17, 4], [16, 5], [16, 6], [15, 7], [14, 8], [14, 9], [13, 10], [12, 11], [11, 12], [10, 13], [10, 14], [10, 15], [10, 16], [10, 17]]]
[[18, 1], [3, 3], 16.656840000000003, [[18, 1], [17, 0], [16, 0], [15, 0], [14, 0], [13, 1], [12, 1], [11, 1], [10, 1], [9, 1], [8, 1], [7, 2], [6, 2], [5, 3], [4, 3], [3, 3]]]
[[18, 1], [16, 6], 5.8284199999999995, [[18, 1], [17, 2], [16, 3], [16, 4], [16, 5], [16, 6]]]
[[18, 1], [9, 5], 10.656839999999999, [[18, 1], [17, 1], [16, 2], [15, 3], [14, 4], [13, 5], [12, 5], [11, 5], [10, 5], [9, 5]]]
[[18, 1], [10, 10], 12.313680000000002, [[18, 1], [17, 2], [16, 3], [15, 4], [14, 5], [13, 6], [12, 7], [11, 8], [10, 9], [10, 10]]]
[[8, 3], [0, 0], 9.242629999999998, [[8, 3], [7, 2], [6, 1], [5, 1], [4, 1], [3, 0], [2, 0], [1, 0], [0, 0]]]
[[8, 3], [1, 18], 17.89947, [[8, 3], [8, 4], [7, 5], [7, 6], [7, 7], [7, 8], [6, 9], [6, 10], [6, 11], [5, 12], [4, 13], [3, 14], [2, 15], [1, 16], [1, 17], [1, 18]]]
[[8, 3], [18, 1], 11.41421, [[8, 3], [8, 2], [9, 1], [10, 1], [11, 1], [12, 1], [13, 1], [14, 1], [15, 1], [16, 1], [17, 1], [18, 1]]]
[[8, 3], [6, 10], 7.8284199999999995, [[8, 3], [7, 4], [7, 5], [7, 6], [7, 7], [6, 8], [6, 9], [6, 10]]]
[[8, 3], [15, 15], 14.89947, [[8, 3], [9, 4], [10, 5], [11, 6], [11, 7], [11, 8], [12, 9], [13, 10], [14, 11], [15, 12], [15, 13], [15, 14], [15, 15]]]
[[8, 3], [10, 17], 14.82842, [[8, 3], [9, 4], [9, 5], [10, 6], [10, 7], [10, 8], [10, 9], [10, 10], [10, 11], [10, 12], [10, 13], [10, 14], [10, 15], [10, 16], [10, 17]]]
[[8, 3], [3, 3], 5, [[8, 3], [7, 3], [6, 3], [5, 3], [4, 3], [3, 3]]]
[[8, 3], [16, 6], 9.242629999999998, [[8, 3], [9, 4], [10, 4], [11, 5], [12, 6], [13, 6], [14, 6], [15, 6], [16, 6]]]
[[8, 3], [9, 5], 2.4142099999999997, [[8, 3], [9, 4], [9, 5]]]
[[8, 3], [10, 10], 7.8284199999999995, [[8, 3], [8, 4], [9, 5], [9, 6], [10, 7], [10, 8], [10, 9], [10, 10]]]
[[6, 10], [0, 0], 12.48526, [[6, 10], [6, 9], [5, 8], [4, 7], [4, 6], [4, 5], [3, 4], [3, 3], [2, 2], [1, 1], [0, 0]]]
[[6, 10], [1, 18], 10.07105, [[6, 10], [5, 11], [5, 12], [4, 13], [3, 14], [2, 15], [1, 16], [1, 17], [1, 18]]]
[[6, 10], [18, 1], 15.727890000000002, [[6, 10], [7, 10], [8, 10], [9, 10], [10, 9], [11, 8], [12, 7], [13, 6], [14, 5], [15, 4], [16, 3], [17, 2], [18, 1]]]
[[6, 10], [8, 3], 7.8284199999999995, [[6, 10], [6, 9], [6, 8], [7, 7], [7, 6], [8, 5], [8, 4], [8, 3]]]
[[6, 10], [15, 15], 11.071050000000001, [[6, 10], [7, 10], [8, 10], [9, 11], [10, 12], [11, 12], [12, 12], [13, 13], [14, 14], [15, 15]]]
[[6, 10], [10, 17], 8.656839999999999, [[6, 10], [6, 11], [7, 12], [7, 13], [8, 14], [9, 15], [10, 16], [10, 17]]]
[[6, 10], [3, 3], 8.242629999999998, [[6, 10], [6, 9], [5, 8], [4, 7], [3, 6], [3, 5], [3, 4], [3, 3]]]
[[6, 10], [16, 6], 11.656839999999999, [[6, 10], [7, 10], [8, 10], [9, 10], [10, 9], [11, 8], [12, 7], [13, 7], [14, 6], [15, 6], [16, 6]]]
[[6, 10], [9, 5], 6.242629999999999, [[6, 10], [7, 9], [7, 8], [8, 7], [9, 6], [9, 5]]]
[[6, 10], [10, 10], 4, [[6, 10], [7, 10], [8, 10], [9, 10], [10, 10]]]
[[15, 15], [0, 0], 22.384730000000005, [[15, 15], [14, 14], [13, 13], [13, 12], [12, 11], [12, 10], [11, 9], [10, 8], [9, 7], [8, 6], [7, 5], [6, 4], [5, 4], [4, 3], [3, 3], [2, 2], [1, 1], [0, 0]]]
[[15, 15], [1, 18], 16.07105, [[15, 15], [14, 14], [13, 15], [12, 15], [11, 16], [10, 16], [9, 16], [8, 16], [7, 16], [6, 17], [5, 17], [4, 18], [3, 18], [2, 18], [1, 18]]]
[[15, 15], [18, 1], 15.242630000000002, [[15, 15], [15, 14], [15, 13], [15, 12], [15, 11], [15, 10], [15, 9], [15, 8], [16, 7], [17, 6], [17, 5], [17, 4], [18, 3], [18, 2], [18, 1]]]
[[15, 15], [8, 3], 14.89947, [[15, 15], [14, 14], [13, 13], [12, 12], [11, 11], [11, 10], [11, 9], [10, 8], [9, 7], [8, 6], [8, 5], [8, 4], [8, 3]]]
[[15, 15], [6, 10], 11.07105, [[15, 15], [14, 14], [13, 13], [12, 12], [11, 11], [10, 11], [9, 11], [8, 11], [7, 11], [6, 10]]]
[[15, 15], [10, 17], 6.656839999999999, [[15, 15], [14, 14], [13, 14], [12, 15], [11, 16], [10, 17]]]
[[15, 15], [3, 3], 18.142100000000003, [[15, 15], [15, 14], [14, 13], [13, 12], [12, 11], [11, 10], [10, 9], [10, 8], [9, 7], [8, 6], [7, 5], [6, 4], [5, 3], [4, 3], [3, 3]]]
[[15, 15], [16, 6], 9.41421, [[15, 15], [15, 14], [15, 13], [15, 12], [15, 11], [15, 10], [15, 9], [15, 8], [16, 7], [16, 6]]]
[[15, 15], [9, 5], 12.48526, [[15, 15], [14, 14], [13, 13], [12, 12], [12, 11], [11, 10], [10, 9], [10, 8], [9, 7], [9, 6], [9, 5]]]
[[15, 15], [10, 10], 7.07105, [[15, 15], [14, 14], [13, 13], [12, 12], [11, 11], [10, 10]]]
[[10, 17], [0, 0], 21.142100000000003, [[10, 17], [9, 16], [9, 15], [8, 14], [8, 13], [7, 12], [6, 11], [6, 10], [6, 9], [5, 8], [4, 7], [3, 6], [2, 5], [1, 4], [0, 3], [0, 2], [0, 1], [0, 0]]]
[[10, 17], [1, 18], 9.41421, [[10, 17], [9, 17], [8, 17], [7, 17], [6, 18], [5, 18], [4, 18], [3, 18], [2, 18], [1, 18]]]
[[10, 17], [18, 1], 19.31368, [[10, 17], [11, 16], [12, 15], [13, 14], [14, 13], [14, 12], [14, 11], [15, 10], [15, 9], [15, 8], [15, 7], [16, 6], [16, 5], [17, 4], [18, 3], [18, 2], [18, 1]]]
[[10, 17], [8, 3], 14.828420000000001, [[10, 17], [10, 16], [10, 15], [10, 14], [10, 13], [10, 12], [10, 11], [10, 10], [10, 9], [10, 8], [9, 7], [9, 6], [8, 5], [8, 4], [8, 3]]]
[[10, 17], [6, 10], 8.656839999999999, [[10, 17], [10, 16], [9, 15], [9, 14], [8, 13], [7, 12], [6, 11], [6, 10]]]
[[10, 17], [15, 15], 6.656839999999999, [[10, 17], [11, 17], [12, 16], [13, 15], [14, 14], [15, 15]]]
[[10, 17], [3, 3], 16.89947, [[10, 17], [10, 16], [9, 15], [8, 14], [7, 13], [6, 12], [5, 11], [5, 10], [5, 9], [5, 8], [4, 7], [3, 6], [3, 5], [3, 4], [3, 3]]]
[[10, 17], [16, 6], 13.48526, [[10, 17], [11, 16], [12, 15], [13, 14], [13, 13], [13, 12], [14, 11], [14, 10], [14, 9], [15, 8], [16, 7], [16, 6]]]
[[10, 17], [9, 5], 12.41421, [[10, 17], [10, 16], [10, 15], [10, 14], [10, 13], [10, 12], [10, 11], [10, 10], [10, 9], [10, 8], [9, 7], [9, 6], [9, 5]]]
[[10, 17], [10, 10], 7, [[10, 17], [10, 16], [10, 15], [10, 14], [10, 13], [10, 12], [10, 11], [10, 10]]]
[[3, 3], [0, 0], 4.24263, [[3, 3], [2, 2], [1, 1], [0, 0]]]
[[3, 3], [1, 18], 15.82842, [[3, 3], [3, 4], [3, 5], [2, 6], [2, 7], [2, 8], [1, 9], [1, 10], [1, 11], [1, 12], [1, 13], [1, 14], [1, 15], [1, 16], [1, 17], [1, 18]]]
[[3, 3], [18, 1], 15.82842, [[3, 3], [4, 2], [5, 2], [6, 2], [7, 1], [8, 1], [9, 1], [10, 1], [11, 1], [12, 1], [13, 1], [14, 1], [15, 1], [16, 1], [17, 1], [18, 1]]]
[[3, 3], [8, 3], 5, [[3, 3], [4, 3], [5, 3], [6, 3], [7, 3], [8, 3]]]
[[3, 3], [6, 10], 8.242629999999998, [[3, 3], [4, 4], [4, 5], [4, 6], [4, 7], [5, 8], [6, 9], [6, 10]]]
[[3, 3], [15, 15], 18.142100000000003, [[3, 3], [4, 4], [5, 4], [6, 5], [7, 6], [8, 7], [9, 7], [10, 8], [11, 9], [12, 10], [13, 11], [14, 12], [15, 13], [15, 14], [15, 15]]]
[[3, 3], [10, 17], 16.89947, [[3, 3], [3, 4], [3, 5], [4, 6], [4, 7], [4, 8], [4, 9], [5, 10], [6, 11], [7, 12], [8, 13], [9, 14], [10, 15], [10, 16], [10, 17]]]
[[3, 3], [16, 6], 14.242629999999998, [[3, 3], [4, 4], [5, 4], [6, 5], [7, 5], [8, 5], [9, 6], [10, 6], [11, 6], [12, 6], [13, 6], [14, 6], [15, 6], [16, 6]]]
[[3, 3], [9, 5], 6.8284199999999995, [[3, 3], [4, 4], [5, 4], [6, 5], [7, 5], [8, 5], [9, 5]]]
[[3, 3], [10, 10], 11.07105, [[3, 3], [4, 4], [5, 4], [6, 5], [7, 6], [8, 6], [9, 7], [10, 8], [10, 9], [10, 10]]]
[[16, 6], [0, 0], 18.48526, [[16, 6], [15, 6], [14, 6], [13, 6], [12, 5], [11, 5], [10, 4], [9, 4], [8, 3], [7, 3], [6, 2], [5, 2], [4, 1], [3, 1], [2, 0], [1, 0], [0, 0]]]
[[16, 6], [1, 18], 19.970520000000004, [[16, 6], [15, 7], [14, 8], [13, 9], [12, 9], [11, 10], [10, 10], [9, 11], [8, 12], [7, 13], [6, 14], [5, 15], [4, 16], [3, 17], [2, 18], [1, 18]]]
[[16, 6], [18, 1], 5.8284199999999995, [[16, 6], [17, 5], [17, 4], [17, 3], [18, 2], [18, 1]]]
[[16, 6], [8, 3], 9.24263, [[16, 6], [15, 5], [14, 5], [13, 5], [12, 5], [11, 5], [10, 4], [9, 4], [8, 3]]]
[[16, 6], [6, 10], 11.656839999999999, [[16, 6], [15, 6], [14, 7], [13, 7], [12, 8], [11, 8], [10, 9], [9, 10], [8, 10], [7, 10], [6, 10]]]
[[16, 6], [15, 15], 9.41421, [[16, 6], [16, 7], [15, 8], [15, 9], [15, 10], [15, 11], [15, 12], [15, 13], [15, 14], [15, 15]]]
[[16, 6], [10, 17], 13.48526, [[16, 6], [16, 7], [15, 8], [14, 9], [13, 10], [12, 11], [11, 12], [10, 13], [10, 14], [10, 15], [10, 16], [10, 17]]]
[[16, 6], [3, 3], 14.24263, [[16, 6], [15, 6], [14, 6], [13, 5], [12, 5], [11, 5], [10, 4], [9, 4], [8, 3], [7, 3], [6, 3], [5, 3], [4, 3], [3, 3]]]
[[16, 6], [9, 5], 7.41421, [[16, 6], [15, 6], [14, 6], [13, 5], [12, 5], [11, 5], [10, 5], [9, 5]]]
[[16, 6], [10, 10], 7.656839999999999, [[16, 6], [15, 6], [14, 6], [13, 7], [12, 8], [11, 9], [10, 10]]]
[[9, 5], [0, 0], 11.07105, [[9, 5], [8, 4], [7, 3], [6, 2], [5, 2], [4, 1], [3, 1], [2, 1], [1, 0], [0, 0]]]
[[9, 5], [1, 18], 16.31368, [[9, 5], [9, 6], [8, 7], [7, 8], [6, 9], [5, 10], [5, 11], [4, 12], [3, 13], [3, 14], [2, 15], [1, 16], [1, 17], [1, 18]]]
[[9, 5], [18, 1], 10.656839999999999, [[9, 5], [10, 5], [11, 5], [12, 5], [13, 4], [14, 3], [15, 2], [16, 1], [17, 1], [18, 1]]]
[[9, 5], [8, 3], 2.4142099999999997, [[9, 5], [8, 4], [8, 3]]]
[[9, 5], [6, 10], 6.242629999999999, [[9, 5], [9, 6], [8, 7], [7, 8], [6, 9], [6, 10]]]
[[9, 5], [15, 15], 12.48526, [[9, 5], [10, 6], [10, 7], [11, 8], [11, 9], [12, 10], [13, 11], [13, 12], [14, 13], [15, 14], [15, 15]]]
[[9, 5], [10, 17], 12.41421, [[9, 5], [9, 6], [9, 7], [10, 8], [10, 9], [10, 10], [10, 11], [10, 12], [10, 13], [10, 14], [10, 15], [10, 16], [10, 17]]]
[[9, 5], [3, 3], 6.8284199999999995, [[9, 5], [8, 4], [7, 4], [6, 3], [5, 3], [4, 3], [3, 3]]]
[[9, 5], [16, 6], 7.41421, [[9, 5], [10, 5], [11, 5], [12, 6], [13, 6], [14, 6], [15, 6], [16, 6]]]
[[9, 5], [10, 10], 5.41421, [[9, 5], [9, 6], [10, 7], [10, 8], [10, 9], [10, 10]]]
[[10, 10], [0, 0], 15.313680000000002, [[10, 10], [10, 9], [10, 8], [9, 7], [8, 6], [7, 6], [6, 5], [5, 4], [4, 4], [3, 3], [2, 2], [1, 1], [0, 0]]]
[[10, 10], [1, 18], 12.313680000000002, [[10, 10], [9, 11], [8, 12], [7, 13], [6, 14], [5, 14], [4, 15], [3, 16], [2, 17], [1, 18]]]
[[10, 10], [18, 1], 12.313680000000002, [[10, 10], [11, 9], [12, 8], [13, 7], [14, 6], [15, 5], [16, 4], [16, 3], [17, 2], [18, 1]]]
[[10, 10], [8, 3], 7.8284199999999995, [[10, 10], [10, 9], [10, 8], [9, 7], [8, 6], [8, 5], [8, 4], [8, 3]]]
[[10, 10], [6, 10], 4, [[10, 10], [9, 10], [8, 10], [7, 10], [6, 10]]]
[[10, 10], [15, 15], 7.07105, [[10, 10], [11, 11], [12, 12], [13, 13], [14, 14], [15, 15]]]
[[10, 10], [10, 17], 7, [[10, 10], [10, 11], [10, 12], [10, 13], [10, 14], [10, 15], [10, 16], [10, 17]]]
[[10, 10], [3, 3], 11.07105, [[10, 10], [10, 9], [10, 8], [9, 7], [8, 6], [7, 5], [6, 4], [5, 3], [4, 3], [3, 3]]]
[[10, 10], [16, 6], 7.656839999999999, [[10, 10], [11, 10], [12, 10], [13, 9], [14, 8], [15, 7], [16, 6]]]
[[10, 10], [9, 5], 5.41421, [[10, 10], [10, 9], [10, 8], [10, 7], [9, 6], [9, 5]]]
