[[0, 0], [1, 18], 22.31368, [[0, 0], [0, 1], [0, 2], [0, 3], [1, 4], [0, 5], [0, 6], [0, 7], [1, 7], [1, 8], [0, 9], [1, 10], [1, 11], [1, 12], [2, 13], [1, 14], [1, 15], [0, 16], [1, 17], [1, 18]]]
[[0, 0], [19, 2], 24.31368, [[0, 0], [1, 0], [2, 0], [3, 0], [4, 0], [5, 1], [5, 0], [6, 1], [7, 0], [8, 1], [9, 1], [9, 0], [10, 0], [11, 1], [12, 2], [13, 2], [14, 1], [15, 2], [16, 2], [17, 2], [18, 2], [19, 2]]]
[[0, 0], [8, 4], 9.656839999999999, [[0, 0], [1, 0], [2, 1], [3, 2], [4, 2], [5, 3], [6, 4], [7, 4], [8, 4]]]
[[0, 0], [4, 8], 9.656839999999999, [[0, 0], [1, 1], [2, 2], [3, 3], [4, 4], [4, 5], [4, 6], [4, 7], [4, 8]]]
[[0, 0], [15, 15], 28.041570000000007, [[0, 0], [1, 1], [2, 0], [3, 1], [4, 2], [5, 3], [4, 3], [5, 2], [6, 3], [7, 3], [8, 4], [8, 5], [9, 6], [10, 7], [11, 8], [10, 9], [11, 10], [12, 11], [12, 12], [13, 13], [14, 14], [15, 15]]]
[[1, 18], [0, 0], 23.142100000000003, [[1, 18], [0, 17], [0, 16], [0, 15], [0, 14], [1, 13], [2, 12], [2, 11], [1, 10], [0, 9], [1, 8], [0, 7], [0, 6], [1, 5], [0, 4], [1, 4], [0, 3], [0, 2], [0, 1], [0, 0]]]
[[1, 18], [19, 2], 32.62736, [[1, 18], [1, 17], [2, 18], [2, 17], [3, 18], [4, 17], [4, 16], [5, 15], [6, 14], [7, 13], [8, 12], [8, 11], [9, 10], [10, 9], [11, 9], [12, 8], [13, 8], [14, 7], [15, 7], [14, 6], [14, 5], [14, 4], [15, 3], [16, 2], [17, 2], [18, 3], [19, 2]]]
[[1, 18], [8, 4], 19.142100000000003, [[1, 18], [0, 18], [1, 17], [2, 16], [3, 15], [2, 14], [3, 13], [4, 12], [5, 11], [6, 10], [6, 9], [7, 8], [7, 7], [8, 6], [8, 5], [8, 4]]]
[[1, 18], [4, 8], 11.828420000000001, [[1, 18], [2, 17], [2, 16], [3, 16], [3, 15], [3, 14], [3, 13], [3, 12], [3, 11], [3, 10], [4, 9], [4, 8]]]
[[1, 18], [15, 15], 19.142100000000003, [[1, 18], [2, 19], [3, 19], [4, 18], [5, 17], [6, 16], [7, 15], [8, 15], [9, 16], [10, 17], [11, 17], [11, 16], [12, 16], [13, 15], [14, 14], [15, 15]]]
[[19, 2], [0, 0], 23.727890000000002, [[19, 2], [18, 2], [17, 1], [16, 2], [15, 1], [14, 1], [13, 1], [12, 0], [11, 0], [10, 0], [9, 0], [8, 1], [8, 0], [7, 0], [6, 1], [5, 1], [4, 2], [3, 2], [2, 1], [1, 0], [0, 0]]]
[[19, 2], [1, 18], 31.798940000000005, [[19, 2], [18, 3], [17, 2], [16, 2], [15, 3], [14, 4], [13, 4], [13, 5], [12, 5], [11, 5], [10, 4], [9, 5], [8, 6], [8, 7], [7, 8], [6, 8], [5, 9], [6, 9], [5, 10], [4, 11], [3, 12], [2, 13], [2, 14], [1, 15], [1, 16], [1, 17], [1, 18]]]
[[19, 2], [8, 4], 13.24263, [[19, 2], [18, 2], [17, 3], [16, 3], [15, 3], [15, 4], [14, 4], [13, 4], [12, 5], [11, 5], [10, 4], [9, 4], [8, 4]]]
[[19, 2], [4, 8], 20.31368, [[19, 2], [19, 1], [18, 2], [17, 3], [16, 4], [15, 4], [14, 3], [14, 4], [13, 4], [12, 5], [11, 6], [10, 6], [9, 7], [8, 7], [7, 8], [6, 8], [5, 8], [4, 8]]]
[[19, 2], [15, 15], 16.071050000000003, [[19, 2], [19, 3], [19, 4], [19, 5], [19, 6], [19, 7], [19, 8], [18, 9], [18, 10], [17, 10], [16, 11], [17, 12], [16, 13], [15, 14], [15, 15]]]
[[8, 4], [0, 0], 9.656839999999999, [[8, 4], [7, 3], [6, 2], [5, 2], [4, 2], [3, 2], [2, 1], [1, 0], [0, 0]]]
[[8, 4], [1, 18], 19.48526, [[8, 4], [9, 5], [9, 6], [9, 7], [8, 7], [7, 7], [7, 8], [7, 9], [6, 10], [5, 11], [4, 11], [4, 12], [3, 13], [3, 14], [3, 15], [2, 16], [1, 17], [1, 18]]]
[[8, 4], [19, 2], 13.48526, [[8, 4], [9, 5], [10, 4], [11, 5], [12, 5], [13, 4], [14, 3], [15, 3], [16, 2], [17, 2], [18, 2], [19, 2]]]
[[8, 4], [4, 8], 6.8284199999999995, [[8, 4], [7, 5], [7, 6], [7, 7], [6, 8], [5, 8], [4, 8]]]
[[8, 4], [15, 15], 14.727890000000002, [[8, 4], [9, 5], [10, 6], [10, 7], [11, 8], [12, 9], [13, 10], [14, 11], [13, 12], [14, 13], [14, 14], [15, 15]]]
[[4, 8], [0, 0], 9.656839999999999, [[4, 8], [3, 7], [3, 6], [2, 5], [1, 4], [0, 3], [0, 2], [0, 1], [0, 0]]]
[[4, 8], [1, 18], 11.24263, [[4, 8], [3, 9], [3, 10], [3, 11], [3, 12], [3, 13], [2, 14], [2, 15], [1, 16], [1, 17], [1, 18]]]
[[4, 8], [19, 2], 19.485260000000004, [[4, 8], [3, 8], [4, 8], [5, 8], [6, 8], [7, 7], [8, 7], [9, 7], [10, 7], [11, 6], [12, 5], [13, 5], [14, 4], [15, 3], [16, 3], [17, 2], [18, 2], [19, 2]]]
[[4, 8], [8, 4], 6.8284199999999995, [[4, 8], [5, 8], [6, 8], [7, 7], [8, 6], [8, 5], [8, 4]]]
[[4, 8], [15, 15], 15.313680000000002, [[4, 8], [5, 9], [6, 10], [7, 11], [8, 12], [9, 13], [10, 13], [11, 12], [12, 12], [13, 13], [13, 14], [14, 14], [15, 15]]]
[[15, 15], [0, 0], 28.627360000000007, [[15, 15], [16, 15], [15, 14], [15, 13], [14, 12], [13, 11], [12, 10], [13, 9], [12, 9], [12, 8], [11, 8], [11, 7], [10, 6], [9, 5], [8, 4], [7, 3], [6, 2], [5, 1], [4, 2], [3, 3], [2, 2], [1, 1], [0, 0]]]
[[15, 15], [1, 18], 18.89947, [[15, 15], [16, 15], [15, 15], [14, 14], [13, 15], [12, 15], [11, 16], [10, 15], [9, 16], [8, 16], [7, 17], [6, 17], [5, 17], [4, 18], [3, 18], [2, 18], [1, 18]]]
[[15, 15], [19, 2], 15.48526, [[15, 15], [16, 14], [17, 13], [18, 12], [17, 11], [18, 10], [18, 9], [19, 8], [19, 7], [19, 6], [19, 5], [19, 4], [19, 3], [19, 2]]]
[[15, 15], [8, 4], 13.89947, [[15, 15], [15, 14], [14, 13], [13, 12], [12, 11], [11, 10], [10, 9], [10, 8], [9, 7], [8, 6], [8, 5], [8, 4]]]
[[15, 15], [4, 8], 13.89947, [[15, 15], [14, 14], [13, 13], [12, 12], [11, 12], [10, 12], [9, 11], [8, 10], [7, 10], [6, 9], [5, 8], [4, 8]]]
