[[0, 0], [1, 18], 18.41421, [[0, 0], [0, 1], [0, 2], [0, 3], [0, 4], [0, 5], [0, 6], [1, 7], [1, 8], [1, 9], [1, 10], [1, 11], [1, 12], [1, 13], [1, 14], [1, 15], [1, 16], [1, 17], [1, 18]]]
[[0, 0], [19, 2], 19.82842, [[0, 0], [1, 0], [2, 0], [3, 0], [4, 0], [5, 1], [6, 1], [7, 1], [8, 1], [9, 1], [10, 1], [11, 1], [12, 1], [13, 2], [14, 2], [15, 2], [16, 2], [17, 2], [18, 2], [19, 2]]]
[[0, 0], [8, 4], 9.656839999999999, [[0, 0], [1, 1], [2, 2], [3, 3], [4, 3], [5, 4], [6, 4], [7, 4], [8, 4]]]
[[0, 0], [4, 8], 9.656839999999999, [[0, 0], [0, 1], [0, 2], [0, 3], [1, 4], [2, 5], [3, 6], [4, 7], [4, 8]]]
[[0, 0], [15, 15], 22.384730000000005, [[0, 0], [1, 1], [2, 1], [3, 2], [4, 3], [5, 4], [6, 5], [7, 5], [8, 6], [9, 7], [10, 8], [11, 9], [12, 10], [13, 11], [14, 12], [15, 13], [15, 14], [15, 15]]]
[[1, 18], [0, 0], 18.41421, [[1, 18], [1, 17], [1, 16], [1, 15], [1, 14], [1, 13], [1, 12], [1, 11], [1, 10], [1, 9], [1, 8], [1, 7], [0, 6], [0, 5], [0, 4], [0, 3], [0, 2], [0, 1], [0, 0]]]
[[1, 18], [19, 2], 24.627360000000007, [[1, 18], [2, 17], [3, 16], [4, 15], [5, 14], [6, 14], [7, 13], [8, 12], [9, 11], [10, 10], [11, 9], [12, 9], [13, 8], [14, 7], [15, 6], [16, 5], [17, 4], [18, 3], [19, 2]]]
[[1, 18], [8, 4], 16.89947, [[1, 18], [1, 17], [2, 16], [2, 15], [2, 14], [2, 13], [3, 12], [4, 11], [5, 10], [6, 9], [7, 8], [7, 7], [8, 6], [8, 5], [8, 4]]]
[[1, 18], [4, 8], 11.242629999999998, [[1, 18], [1, 17], [2, 16], [3, 15], [3, 14], [4, 13], [4, 12], [4, 11], [4, 10], [4, 9], [4, 8]]]
[[1, 18], [15, 15], 16.07105, [[1, 18], [2, 18], [3, 18], [4, 18], [5, 18], [6, 18], [7, 18], [8, 17], [9, 16], [10, 16], [11, 15], [12, 15], [13, 15], [14, 14], [15, 15]]]
[[19, 2], [0, 0], 20.65684, [[19, 2], [18, 1], [17, 0], [16, 0], [15, 0], [14, 0], [13, 0], [12, 0], [11, 0], [10, 0], [9, 0], [8, 0], [7, 0], [6, 1], [5, 1], [4, 0], [3, 0], [2, 0], [1, 0], [0, 0]]]
[[19, 2], [1, 18], 24.627360000000007, [[19, 2], [18, 3], [17, 4], [16, 5], [15, 6], [14, 7], [13, 8], [12, 9], [11, 10], [10, 10], [9, 11], [8, 12], [7, 13], [6, 14], [5, 15], [4, 16], [3, 17], [2, 18], [1, 18]]]
[[19, 2], [8, 4], 11.828420000000001, [[19, 2], [18, 2], [17, 2], [16, 2], [15, 2], [14, 2], [13, 2], [12, 2], [11, 2], [10, 3], [9, 4], [8, 4]]]
[[19, 2], [4, 8], 17.48526, [[19, 2], [18, 2], [17, 2], [16, 3], [15, 4], [14, 5], [13, 6], [12, 6], [11, 7], [10, 7], [9, 7], [8, 7], [7, 8], [6, 8], [5, 8], [4, 8]]]
[[19, 2], [15, 15], 14.656839999999999, [[19, 2], [18, 3], [17, 4], [17, 5], [16, 6], [16, 7], [15, 8], [15, 9], [15, 10], [15, 11], [15, 12], [15, 13], [15, 14], [15, 15]]]
[[8, 4], [0, 0], 9.656839999999999, [[8, 4], [7, 4], [6, 4], [5, 3], [4, 3], [3, 2], [2, 1], [1, 0], [0, 0]]]
[[8, 4], [1, 18], 16.89947, [[8, 4], [8, 5], [8, 6], [7, 7], [6, 8], [5, 9], [5, 10], [5, 11], [4, 12], [4, 13], [3, 14], [2, 15], [1, 16], [1, 17], [1, 18]]]
[[8, 4], [19, 2], 11.82842, [[8, 4], [9, 4], [10, 3], [11, 2], [12, 2], [13, 2], [14, 2], [15, 2], [16, 2], [17, 2], [18, 2], [19, 2]]]
[[8, 4], [4, 8], 6.8284199999999995, [[8, 4], [8, 5], [7, 6], [7, 7], [6, 8], [5, 8], [4, 8]]]
[[8, 4], [15, 15], 13.89947, [[8, 4], [8, 5], [9, 6], [10, 7], [11, 8], [12, 9], [12, 10], [12, 11], [13, 12], [14, 13], [15, 14], [15, 15]]]
[[4, 8], [0, 0], 9.656839999999999, [[4, 8], [3, 7], [3, 6], [2, 5], [1, 4], [0, 3], [0, 2], [0, 1], [0, 0]]]
[[4, 8], [1, 18], 11.242629999999998, [[4, 8], [4, 9], [3, 10], [3, 11], [2, 12], [2, 13], [1, 14], [1, 15], [1, 16], [1, 17], [1, 18]]]
[[4, 8], [19, 2], 17.48526, [[4, 8], [5, 8], [6, 8], [7, 7], [8, 6], [9, 5], [10, 5], [11, 5], [12, 5], [13, 5], [14, 4], [15, 4], [16, 3], [17, 2], [18, 2], [19, 2]]]
[[4, 8], [8, 4], 6.8284199999999995, [[4, 8], [5, 8], [6, 8], [7, 7], [8, 6], [8, 5], [8, 4]]]
[[4, 8], [15, 15], 13.89947, [[4, 8], [5, 9], [6, 10], [7, 10], [8, 10], [9, 11], [10, 12], [11, 12], [12, 12], [13, 13], [14, 14], [15, 15]]]
[[15, 15], [0, 0], 22.384730000000005, [[15, 15], [14, 14], [13, 13], [12, 12], [11, 11], [11, 10], [10, 9], [10, 8], [9, 7], [8, 6], [7, 5], [6, 4], [5, 3], [4, 2], [3, 1], [2, 0], [1, 0], [0, 0]]]
[[15, 15], [1, 18], 16.07105, [[15, 15], [14, 14], [13, 15], [12, 15], [11, 15], [10, 15], [9, 16], [8, 17], [7, 17], [6, 18], [5, 18], [4, 18], [3, 18], [2, 18], [1, 18]]]
[[15, 15], [19, 2], 14.656839999999999, [[15, 15], [15, 14], [15, 13], [16, 12], [17, 11], [18, 10], [18, 9], [19, 8], [19, 7], [19, 6], [19, 5], [19, 4], [19, 3], [19, 2]]]
[[15, 15], [8, 4], 13.89947, [[15, 15], [15, 14], [15, 13], [14, 12], [13, 11], [13, 10], [12, 9], [11, 8], [10, 7], [9, 6], [9, 5], [8, 4]]]
[[15, 15], [4, 8], 13.89947, [[15, 15], [14, 14], [13, 13], [12, 12], [11, 11], [10, 10], [9, 10], [8, 10], [7, 9], [6, 9], [5, 8], [4, 8]]]
