[[0, 0], [4, 9], 10.65684, [[0, 0], [0, 1], [0, 2], [0, 3], [0, 4], [1, 5], [1, 6], [2, 7], [3, 8], [4, 9]]]
[[0, 0], [16, 10], 20.142100000000003, [[0, 0], [1, 0], [2, 1], [3, 2], [4, 3], [5, 4], [6, 5], [7, 6], [8, 7], [9, 7], [10, 8], [11, 8], [12, 8], [13, 9], [14, 10], [15, 10], [16, 10]]]
[[0, 0], [10, 11], 15.727890000000002, [[0, 0], [1, 0], [2, 1], [3, 2], [4, 3], [5, 4], [6, 5], [7, 6], [8, 7], [9, 8], [9, 9], [10, 10], [10, 11]]]
[[0, 0], [7, 5], 9.07105, [[0, 0], [1, 0], [2, 1], [3, 2], [4, 3], [5, 4], [6, 5], [7, 5]]]
[[0, 0], [8, 8], 11.89947, [[0, 0], [1, 1], [2, 1], [3, 2], [4, 3], [5, 4], [6, 5], [7, 6], [8, 7], [8, 8]]]
[[0, 0], [9, 12], 16.31368, [[0, 0], [1, 1], [2, 1], [3, 2], [3, 3], [4, 4], [5, 5], [5, 6], [6, 7], [7, 8], [8, 9], [8, 10], [9, 11], [9, 12]]]
[[4, 9], [0, 0], 10.656839999999999, [[4, 9], [3, 8], [2, 7], [1, 6], [1, 5], [1, 4], [0, 3], [0, 2], [0, 1], [0, 0]]]
[[4, 9], [16, 10], 12.41421, [[4, 9], [5, 9], [6, 9], [7, 9], [8, 9], [9, 9], [10, 9], [11, 9], [12, 10], [13, 10], [14, 10], [15, 10], [16, 10]]]
[[4, 9], [10, 11], 6.8284199999999995, [[4, 9], [5, 9], [6, 10], [7, 10], [8, 11], [9, 11], [10, 11]]]
[[4, 9], [7, 5], 5.24263, [[4, 9], [5, 8], [6, 7], [7, 6], [7, 5]]]
[[4, 9], [8, 8], 4.41421, [[4, 9], [5, 9], [6, 8], [7, 8], [8, 8]]]
[[4, 9], [9, 12], 6.242629999999999, [[4, 9], [5, 10], [6, 10], [7, 11], [8, 12], [9, 12]]]
[[16, 10], [0, 0], 20.142100000000003, [[16, 10], [15, 10], [14, 10], [13, 9], [12, 8], [11, 8], [10, 7], [9, 6], [8, 5], [7, 5], [6, 4], [5, 4], [4, 3], [3, 2], [2, 1], [1, 0], [0, 0]]]
[[16, 10], [4, 9], 12.41421, [[16, 10], [15, 10], [14, 10], [13, 10], [12, 9], [11, 9], [10, 9], [9, 9], [8, 9], [7, 9], [6, 9], [5, 9], [4, 9]]]
[[16, 10], [10, 11], 6.41421, [[16, 10], [15, 10], [14, 10], [13, 10], [12, 11], [11, 11], [10, 11]]]
[[16, 10], [7, 5], 11.07105, [[16, 10], [15, 10], [14, 9], [13, 8], [12, 7], [11, 6], [10, 6], [9, 5], [8, 5], [7, 5]]]
[[16, 10], [8, 8], 8.82842, [[16, 10], [15, 10], [14, 9], [13, 9], [12, 8], [11, 8], [10, 8], [9, 8], [8, 8]]]
[[16, 10], [9, 12], 7.8284199999999995, [[16, 10], [15, 10], [14, 10], [13, 10], [12, 10], [11, 11], [10, 11], [9, 12]]]
[[10, 11], [0, 0], 15.727890000000002, [[10, 11], [10, 10], [10, 9], [9, 8], [8, 7], [7, 6], [6, 5], [5, 4], [4, 3], [3, 2], [2, 1], [1, 0], [0, 0]]]
[[10, 11], [4, 9], 6.8284199999999995, [[10, 11], [9, 11], [8, 10], [7, 9], [6, 9], [5, 9], [4, 9]]]
[[10, 11], [16, 10], 6.41421, [[10, 11], [11, 10], [12, 10], [13, 10], [14, 10], [15, 10], [16, 10]]]
[[10, 11], [7, 5], 7.242629999999999, [[10, 11], [10, 10], [9, 9], [8, 8], [7, 7], [7, 6], [7, 5]]]
[[10, 11], [8, 8], 3.8284199999999995, [[10, 11], [10, 10], [9, 9], [8, 8]]]
[[10, 11], [9, 12], 1.41421, [[10, 11], [9, 12]]]
[[7, 5], [0, 0], 9.07105, [[7, 5], [6, 4], [5, 4], [4, 3], [3, 2], [2, 1], [1, 0], [0, 0]]]
[[7, 5], [4, 9], 5.242629999999999, [[7, 5], [7, 6], [6, 7], [5, 8], [4, 9]]]
[[7, 5], [16, 10], 11.07105, [[7, 5], [8, 6], [9, 6], [10, 7], [11, 8], [12, 9], [13, 9], [14, 10], [15, 10], [16, 10]]]
[[7, 5], [10, 11], 7.242629999999999, [[7, 5], [8, 6], [8, 7], [9, 8], [10, 9], [10, 10], [10, 11]]]
[[7, 5], [8, 8], 3.4142099999999997, [[7, 5], [7, 6], [8, 7], [8, 8]]]
[[7, 5], [9, 12], 7.8284199999999995, [[7, 5], [7, 6], [7, 7], [8, 8], [8, 9], [8, 10], [9, 11], [9, 12]]]
[[8, 8], [0, 0], 11.89947, [[8, 8], [7, 7], [7, 6], [6, 5], [5, 4], [4, 3], [3, 2], [2, 1], [1, 0], [0, 0]]]
[[8, 8], [4, 9], 4.41421, [[8, 8], [7, 9], [6, 9], [5, 9], [4, 9]]]
[[8, 8], [16, 10], 8.82842, [[8, 8], [9, 8], [10, 8], [11, 8], [12, 9], [13, 9], [14, 10], [15, 10], [16, 10]]]
[[8, 8], [10, 11], 3.82842, [[8, 8], [9, 9], [10, 10], [10, 11]]]
[[8, 8], [7, 5], 3.4142099999999997, [[8, 8], [8, 7], [7, 6], [7, 5]]]
[[8, 8], [9, 12], 4.41421, [[8, 8], [8, 9], [8, 10], [9, 11], [9, 12]]]
[[9, 12], [0, 0], 16.31368, [[9, 12], [8, 11], [7, 10], [7, 9], [6, 8], [5, 7], [5, 6], [4, 5], [3, 4], [2, 3], [1, 3], [0, 2], [0, 1], [0, 0]]]
[[9, 12], [4, 9], 6.242629999999999, [[9, 12], [8, 11], [7, 11], [6, 10], [5, 9], [4, 9]]]
[[9, 12], [16, 10], 7.8284199999999995, [[9, 12], [10, 11], [11, 11], [12, 11], [13, 10], [14, 10], [15, 10], [16, 10]]]
[[9, 12], [10, 11], 1.41421, [[9, 12], [10, 11]]]
[[9, 12], [7, 5], 7.8284199999999995, [[9, 12], [8, 11], [8, 10], [8, 9], [8, 8], [8, 7], [8, 6], [7, 5]]]
[[9, 12], [8, 8], 4.41421, [[9, 12], [8, 11], [8, 10], [8, 9], [8, 8]]]
