[[0, 0], [4, 9], 10.65684, [[0, 0], [0, 1], [0, 2], [0, 3], [1, 4], [1, 5], [1, 6], [2, 7], [3, 8], [4, 9]]]
[[0, 0], [16, 10], 20.142100000000003, [[0, 0], [1, 0], [2, 1], [3, 2], [4, 3], [5, 4], [6, 5], [7, 5], [8, 5], [9, 6], [10, 6], [11, 7], [12, 8], [13, 8], [14, 9], [15, 10], [16, 10]]]
[[0, 0], [10, 11], 15.727890000000002, [[0, 0], [1, 0], [2, 1], [3, 2], [4, 3], [5, 4], [6, 5], [7, 6], [8, 7], [9, 8], [10, 9], [10, 10], [10, 11]]]
[[4, 9], [0, 0], 10.656839999999999, [[4, 9], [3, 8], [2, 7], [1, 6], [1, 5], [1, 4], [0, 3], [0, 2], [0, 1], [0, 0]]]
[[4, 9], [16, 10], 12.41421, [[4, 9], [5, 9], [6, 9], [7, 9], [8, 9], [9, 9], [10, 9], [11, 9], [12, 10], [13, 10], [14, 10], [15, 10], [16, 10]]]
[[4, 9], [10, 11], 6.8284199999999995, [[4, 9], [5, 10], [6, 10], [7, 11], [8, 11], [9, 11], [10, 11]]]
[[16, 10], [0, 0], 20.142100000000003, [[16, 10], [15, 9], [14, 9], [13, 8], [12, 7], [11, 7], [10, 7], [9, 6], [8, 6], [7, 5], [6, 4], [5, 4], [4, 3], [3, 2], [2, 1], [1, 0], [0, 0]]]
[[16, 10], [4, 9], 12.41421, [[16, 10], [15, 9], [14, 9], [13, 9], [12, 9], [11, 9], [10, 9], [9, 9], [8, 9], [7, 9], [6, 9], [5, 9], [4, 9]]]
[[16, 10], [10, 11], 6.41421, [[16, 10], [15, 11], [14, 11], [13, 11], [12, 11], [11, 11], [10, 11]]]
[[10, 11], [0, 0], 15.727890000000002, [[10, 11], [10, 10], [9, 9], [8, 8], [8, 7], [7, 6], [6, 5], [5, 4], [4, 3], [3, 2], [2, 1], [1, 1], [0, 0]]]
[[10, 11], [4, 9], 6.8284199999999995, [[10, 11], [9, 11], [8, 10], [7, 10], [6, 9], [5, 9], [4, 9]]]
[[10, 11], [16, 10], 6.41421, [[10, 11], [11, 10], [12, 10], [13, 10], [14, 10], [15, 10], [16, 10]]]
